# Blender v2.72 (sub 0) OBJ File: 'WmiText.blend'
# www.blender.org
mtllib wmitext_mtl
o Text
v 0.461866 0.198908 -0.373371
v 0.633933 0.102900 -0.383991
v 0.461660 0.194437 -0.383991
v 0.634020 0.106460 -0.373197
v 0.494176 0.182849 -0.368969
v 0.612059 0.118994 -0.370953
v 0.595965 0.129078 -0.367174
v 0.507112 0.178659 -0.363583
v 0.584757 0.137692 -0.359827
v 0.512248 0.177935 -0.357958
v 0.516011 0.179386 -0.347928
v 0.579202 0.145243 -0.345942
v 0.518200 0.183029 -0.334040
v 0.577161 0.152331 -0.327676
v 0.517868 0.239186 -0.044703
v 0.577141 0.203010 -0.053608
v 0.581226 0.201379 -0.031515
v 0.512894 0.242549 -0.026452
v 0.589176 0.196620 -0.020522
v 0.504515 0.247052 -0.018060
v 0.602048 0.188607 -0.014907
v 0.486791 0.256988 -0.013208
v 0.634568 0.169675 -0.009855
v 0.461702 0.270897 -0.010875
v 0.461660 0.270889 0.000000
v 0.633933 0.168524 0.000000
v -0.104575 0.320537 -0.373284
v 0.009687 0.318017 -0.383991
v -0.104582 0.316569 -0.383991
v -0.080864 0.322167 -0.370521
v -0.066921 0.323897 -0.366590
v -0.059203 0.325586 -0.361394
v -0.025115 0.336485 -0.319606
v 0.143098 0.345683 -0.091067
v 0.277669 0.290315 -0.332367
v 0.271868 0.273170 -0.383991
v 0.387297 0.229317 -0.383991
v 0.363000 0.245050 -0.369089
v 0.387277 0.233609 -0.373088
v 0.344656 0.255395 -0.359634
v -0.054285 0.328265 -0.352315
v 0.339558 0.262831 -0.348383
v -0.050926 0.333305 -0.334842
v 0.336833 0.270774 -0.329750
v 0.128597 0.342006 0.000000
v 0.277235 0.338205 -0.050294
v -0.051069 0.318992 -0.061886
v 0.337192 0.322410 -0.047640
v -0.024615 0.318199 -0.062425
v 0.121056 0.340882 0.000000
v -0.019651 0.309221 -0.036983
v -0.055681 0.310450 -0.036271
v 0.271713 0.339020 -0.027550
v 0.340989 0.321645 -0.030765
v -0.013371 0.307022 -0.025313
v -0.061448 0.309343 -0.024994
v 0.345267 0.320358 -0.022999
v 0.263131 0.340268 -0.018876
v 0.354767 0.316013 -0.016628
v -0.073099 0.310971 -0.017485
v -0.001013 0.308197 -0.017095
v 0.249006 0.342548 -0.013994
v -0.106284 0.320952 -0.009029
v 0.030556 0.318257 -0.009945
v 0.224892 0.345253 -0.010940
v 0.387304 0.305231 -0.010935
v -0.106322 0.321175 0.000000
v 0.030569 0.318081 0.000000
v 0.224885 0.345242 0.000000
v 0.387297 0.305261 0.000000
v -0.707943 0.102162 -0.373025
v -0.565255 0.175592 -0.383991
v -0.707946 0.098794 -0.383991
v -0.565320 0.179751 -0.373090
v -0.528830 0.198501 -0.373416
v -0.373839 0.261200 -0.383991
v -0.528712 0.194148 -0.383991
v -0.373839 0.265568 -0.372970
v -0.284522 0.292812 -0.373041
v -0.169663 0.310373 -0.383991
v -0.284512 0.288565 -0.383991
v -0.169687 0.314274 -0.373100
v -0.398263 0.256450 -0.370228
v -0.268554 0.297230 -0.370927
v -0.690908 0.112478 -0.369876
v -0.511420 0.207347 -0.371354
v -0.581826 0.171415 -0.371489
v -0.187029 0.313276 -0.368921
v -0.593660 0.166074 -0.368804
v -0.497287 0.215800 -0.366730
v -0.255342 0.301720 -0.366918
v -0.411744 0.254012 -0.365595
v -0.599600 0.164305 -0.364903
v -0.198269 0.313316 -0.363884
v -0.677019 0.122907 -0.361264
v -0.248902 0.304909 -0.362013
v -0.417199 0.254037 -0.360055
v -0.602718 0.164785 -0.358609
v -0.487303 0.224969 -0.355789
v -0.205424 0.314545 -0.356885
v -0.244854 0.308325 -0.354392
v -0.419312 0.256060 -0.352346
v -0.667828 0.131945 -0.348736
v -0.602590 0.168384 -0.348233
v -0.213361 0.317985 -0.342348
v -0.244789 0.312577 -0.341435
v -0.472502 0.241693 -0.328170
v -0.409132 0.270907 -0.322069
v -0.599497 0.174369 -0.335564
v -0.651113 0.153367 -0.313790
v -0.249271 0.318988 -0.317877
v -0.513050 0.272285 -0.109629
v -0.450985 0.268518 -0.273782
v -0.403072 0.278156 -0.306964
v -0.247892 0.334576 -0.249842
v -0.326276 0.337980 -0.107888
v -0.535092 0.267245 0.006960
v -0.437644 0.283433 -0.238979
v -0.526972 0.271461 0.006960
v -0.344837 0.338094 0.006960
v -0.288482 0.342101 -0.138897
v -0.336441 0.341404 0.006945
v 0.633933 0.018900 -0.383991
v 0.461726 0.114723 -0.373107
v 0.461660 0.110437 -0.383991
v 0.634121 0.022669 -0.373459
v 0.487707 0.101879 -0.370301
v 0.600641 0.041914 -0.368760
v 0.502444 0.096191 -0.366167
v 0.586943 0.051758 -0.362055
v 0.510273 0.093907 -0.360915
v 0.581061 0.058163 -0.352335
v 0.515573 0.094980 -0.349813
v 0.577377 0.066579 -0.333363
v 0.518200 0.099028 -0.334033
v 0.517868 0.155185 -0.044704
v 0.577248 0.119083 -0.050825
v 0.581274 0.117360 -0.031947
v 0.513506 0.158171 -0.027924
v 0.588118 0.113216 -0.021192
v 0.508063 0.161400 -0.020465
v 0.494877 0.167492 -0.014864
v 0.604980 0.101716 -0.013973
v 0.634005 0.084589 -0.010865
v 0.461702 0.186897 -0.010876
v 0.461660 0.186889 0.000000
v 0.633933 0.084524 0.000000
v 0.009687 0.234017 -0.383991
v -0.104582 0.236325 -0.373062
v -0.104582 0.232569 -0.383991
v -0.077285 0.238055 -0.369854
v -0.061488 0.240113 -0.363323
v -0.025115 0.252485 -0.319606
v 0.143098 0.261683 -0.091067
v 0.277669 0.206315 -0.332367
v 0.271868 0.189170 -0.383991
v 0.387297 0.145317 -0.383991
v 0.365883 0.159270 -0.369896
v 0.387297 0.149670 -0.372970
v 0.347362 0.170184 -0.361930
v 0.342055 0.175164 -0.355415
v -0.055205 0.243234 -0.354515
v -0.051075 0.248664 -0.337444
v 0.337148 0.184289 -0.335895
v 0.128597 0.258006 0.000000
v 0.277562 0.253910 -0.056710
v -0.051069 0.234992 -0.061886
v 0.337049 0.238334 -0.050333
v -0.025023 0.237834 -0.073781
v 0.121056 0.256882 0.000000
v -0.022857 0.229635 -0.050117
v 0.274469 0.254465 -0.035349
v -0.055681 0.226450 -0.036271
v -0.018293 0.224186 -0.033455
v 0.340483 0.237756 -0.031988
v -0.061448 0.225343 -0.024994
v 0.267909 0.255476 -0.022240
v -0.012820 0.222578 -0.024951
v 0.345842 0.236087 -0.022211
v -0.003938 0.223604 -0.018461
v -0.073882 0.227296 -0.017197
v 0.356846 0.231701 -0.015940
v 0.253606 0.257823 -0.015039
v -0.106307 0.237223 -0.009892
v 0.030556 0.234257 -0.009944
v 0.387327 0.221335 -0.010691
v 0.224885 0.261225 -0.011021
v -0.106322 0.237175 0.000000
v 0.030569 0.234081 0.000000
v 0.224885 0.261242 0.000000
v 0.387297 0.221261 0.000000
v -0.565255 0.091592 -0.383991
v -0.707946 0.018176 -0.372970
v -0.707946 0.014794 -0.383991
v -0.565320 0.095752 -0.373090
v -0.373839 0.177200 -0.383991
v -0.528830 0.114501 -0.373417
v -0.528712 0.110148 -0.383991
v -0.373839 0.181568 -0.372970
v -0.169663 0.226373 -0.383991
v -0.284545 0.208906 -0.373191
v -0.284512 0.204565 -0.383991
v -0.169740 0.230390 -0.373273
v -0.698983 0.023433 -0.371845
v -0.401418 0.171022 -0.369324
v -0.509501 0.124239 -0.370948
v -0.584945 0.085822 -0.371018
v -0.265981 0.214029 -0.370402
v -0.188194 0.229246 -0.368496
v -0.687188 0.031143 -0.368065
v -0.596869 0.080865 -0.367302
v -0.498696 0.131155 -0.367274
v -0.252090 0.218944 -0.365169
v -0.414430 0.169735 -0.363544
v -0.198270 0.229320 -0.363876
v -0.677018 0.038904 -0.361262
v -0.491717 0.136635 -0.361677
v -0.602224 0.080343 -0.360646
v -0.204211 0.230269 -0.358328
v -0.245945 0.223120 -0.357345
v -0.419290 0.171101 -0.354862
v -0.666004 0.049854 -0.345798
v -0.602902 0.083216 -0.351169
v -0.481922 0.146817 -0.346691
v -0.212007 0.233232 -0.345612
v -0.244304 0.226571 -0.347996
v -0.417052 0.176173 -0.343611
v -0.600379 0.088997 -0.338210
v -0.246932 0.232346 -0.327804
v -0.470335 0.160401 -0.323238
v -0.409045 0.186936 -0.321955
v -0.649354 0.070926 -0.309529
v -0.513050 0.188285 -0.109629
v -0.450985 0.184518 -0.273782
v -0.253123 0.237349 -0.305762
v -0.403071 0.194150 -0.306965
v -0.252452 0.252391 -0.238548
v -0.326276 0.253980 -0.107888
v -0.535092 0.183245 0.006960
v -0.437644 0.199433 -0.238979
v -0.526972 0.187461 0.006960
v -0.344837 0.254094 0.006960
v -0.287684 0.257626 -0.140810
v -0.290820 0.257846 -0.131687
v -0.336826 0.258262 0.006929
v -0.295512 0.208303 -0.394991
v -0.158663 0.234694 -0.394991
v -0.169663 0.226373 -0.383991
v -0.284512 0.204565 -0.383991
v -0.158663 0.245544 -0.363825
v -0.169971 0.230275 -0.373411
v -0.180020 0.244343 -0.359577
v -0.193570 0.229158 -0.366456
v -0.192992 0.244182 -0.354195
v -0.202707 0.229856 -0.360193
v -0.200306 0.246308 -0.344194
v -0.211635 0.232972 -0.346300
v -0.216120 0.255073 -0.304260
v -0.232432 0.244509 -0.291805
v -0.246072 0.266194 -0.223293
v -0.264470 0.255313 -0.206284
v -0.253695 0.265281 -0.196289
v -0.277290 0.270086 -0.137211
v -0.280411 0.270276 -0.128131
v -0.283788 0.270439 -0.118182
v -0.287421 0.270565 -0.107365
v -0.297853 0.258183 -0.110853
v -0.291309 0.270643 -0.095682
v -0.301750 0.258274 -0.099144
v -0.295453 0.270661 -0.083134
v -0.305901 0.258296 -0.086572
v -0.299851 0.270605 -0.069721
v -0.335956 0.256472 0.006179
v -0.327951 0.268651 0.017259
v -0.352443 0.263484 0.017961
v -0.344837 0.254094 0.006960
v -0.437447 0.217703 -0.207301
v -0.437644 0.199433 -0.238979
v -0.519264 0.202242 0.017960
v -0.526972 0.187461 0.006960
v -0.542819 0.190014 0.017960
v -0.535092 0.183245 0.006960
v -0.666445 0.067970 -0.321930
v -0.660082 0.056869 -0.334618
v -0.681823 0.050590 -0.350315
v -0.672782 0.042816 -0.356243
v -0.681084 0.035560 -0.364614
v -0.693726 0.041188 -0.359144
v -0.695627 0.025497 -0.371179
v -0.718861 0.026152 -0.363304
v -0.707946 0.018176 -0.372970
v -0.718946 0.016447 -0.394991
v -0.707946 0.014794 -0.383991
v -0.554255 0.104061 -0.394991
v -0.565255 0.091592 -0.383991
v -0.554273 0.116144 -0.362663
v -0.565816 0.095616 -0.373736
v -0.577677 0.104416 -0.360923
v -0.590728 0.097850 -0.357357
v -0.593146 0.082276 -0.369020
v -0.599096 0.080391 -0.365319
v -0.602081 0.080404 -0.360479
v -0.602928 0.083512 -0.350066
v -0.591897 0.099880 -0.352049
v -0.589759 0.104757 -0.341217
v -0.598378 0.092353 -0.331963
v -0.513116 0.195220 -0.140558
v -0.513050 0.188285 -0.109629
v -0.462769 0.190316 -0.273720
v -0.450985 0.184518 -0.273782
v -0.484835 0.162834 -0.328644
v -0.471682 0.158897 -0.326599
v -0.488019 0.140081 -0.357084
v -0.498120 0.148136 -0.352035
v -0.503961 0.143241 -0.357636
v -0.498515 0.131205 -0.367305
v -0.516249 0.135948 -0.361175
v -0.511786 0.123224 -0.371291
v -0.528671 0.114353 -0.373112
v -0.539712 0.123720 -0.362367
v -0.539712 0.111397 -0.394991
v -0.528712 0.110148 -0.383991
v -0.362839 0.187573 -0.394991
v -0.373839 0.177200 -0.383991
v -0.362839 0.200496 -0.362314
v -0.373839 0.181568 -0.372970
v -0.390830 0.190982 -0.360955
v -0.388701 0.176442 -0.372232
v -0.406953 0.170903 -0.368135
v -0.403552 0.187383 -0.357491
v -0.407809 0.186752 -0.353364
v -0.416895 0.169465 -0.359816
v -0.418966 0.172946 -0.350319
v -0.398432 0.201012 -0.324953
v -0.409221 0.186769 -0.322395
v -0.403108 0.194010 -0.307204
v -0.392337 0.208294 -0.309645
v -0.326510 0.262453 -0.138966
v -0.326276 0.253980 -0.107888
v -0.256625 0.239937 -0.333538
v -0.246181 0.232958 -0.328300
v -0.244531 0.225198 -0.351992
v -0.256249 0.233114 -0.353424
v -0.248810 0.220751 -0.362129
v -0.263985 0.229780 -0.358690
v -0.262546 0.215155 -0.369820
v -0.295400 0.220722 -0.363148
v -0.284508 0.208770 -0.372993
v -0.295512 0.270303 -0.394991
v -0.158663 0.296694 -0.394991
v -0.158663 0.234694 -0.394991
v -0.295512 0.208303 -0.394991
v -0.158715 0.307539 -0.363852
v -0.158719 0.245537 -0.363871
v -0.188139 0.306052 -0.357080
v -0.192649 0.244011 -0.355002
v -0.196921 0.306986 -0.350178
v -0.218119 0.255876 -0.301262
v -0.214881 0.316406 -0.307846
v -0.241231 0.326746 -0.236542
v -0.244944 0.265571 -0.226479
v -0.266200 0.331172 -0.168564
v -0.272326 0.269877 -0.151695
v -0.291103 0.332805 -0.096580
v -0.304048 0.270624 -0.056995
v -0.326424 0.330524 0.014297
v -0.327764 0.268046 0.017747
v -0.352443 0.325484 0.017961
v -0.352443 0.263484 0.017961
v -0.437447 0.279703 -0.207300
v -0.437447 0.217703 -0.207301
v -0.519264 0.264242 0.017960
v -0.519264 0.202242 0.017960
v -0.542819 0.252014 0.017960
v -0.542819 0.190014 0.017960
v -0.659114 0.139038 -0.304954
v -0.658309 0.078025 -0.302734
v -0.681498 0.050399 -0.351204
v -0.682818 0.111351 -0.352325
v -0.718617 0.087808 -0.364265
v -0.718603 0.025843 -0.364080
v -0.718946 0.078447 -0.394991
v -0.718946 0.016447 -0.394991
v -0.554255 0.166061 -0.394991
v -0.554255 0.104061 -0.394991
v -0.554394 0.178040 -0.362907
v -0.554505 0.115945 -0.363152
v -0.590742 0.160282 -0.357484
v -0.590869 0.098221 -0.356782
v -0.591620 0.163868 -0.347053
v -0.587954 0.107841 -0.334991
v -0.513116 0.257220 -0.140558
v -0.513116 0.195220 -0.140558
v -0.462769 0.252316 -0.273719
v -0.462769 0.190316 -0.273720
v -0.485308 0.224449 -0.329559
v -0.485140 0.162330 -0.329620
v -0.503329 0.205391 -0.358208
v -0.504023 0.142875 -0.358784
v -0.539794 0.185530 -0.362919
v -0.539752 0.123630 -0.362623
v -0.539712 0.173397 -0.394991
v -0.539712 0.111397 -0.394991
v -0.362839 0.249573 -0.394991
v -0.362839 0.187573 -0.394991
v -0.362839 0.262496 -0.362314
v -0.363020 0.200412 -0.362551
v -0.391696 0.252716 -0.360878
v -0.400864 0.187919 -0.358806
v -0.407104 0.248728 -0.354720
v -0.408098 0.187029 -0.353653
v -0.398669 0.262611 -0.325806
v -0.398516 0.200767 -0.325531
v -0.392455 0.208221 -0.309891
v -0.392253 0.270492 -0.309204
v -0.326510 0.324453 -0.138966
v -0.326510 0.262453 -0.138966
v -0.264103 0.307608 -0.307705
v -0.262807 0.245060 -0.310986
v -0.257720 0.302696 -0.329529
v -0.254610 0.235342 -0.348331
v -0.255593 0.295210 -0.354137
v -0.261157 0.230808 -0.357704
v -0.268527 0.290428 -0.359787
v -0.295827 0.220519 -0.363386
v -0.295806 0.282585 -0.363125
v -0.284512 0.288565 -0.383991
v -0.169663 0.310373 -0.383991
v -0.158663 0.296694 -0.394991
v -0.295512 0.270303 -0.394991
v -0.169720 0.314125 -0.373183
v -0.158663 0.307544 -0.363825
v -0.184171 0.306179 -0.358492
v -0.196437 0.313209 -0.365392
v -0.194437 0.306469 -0.352924
v -0.205580 0.314781 -0.356476
v -0.202249 0.309231 -0.340277
v -0.213837 0.318281 -0.341171
v -0.218096 0.318107 -0.297424
v -0.233283 0.328705 -0.289411
v -0.240592 0.331747 -0.269794
v -0.248018 0.328903 -0.218105
v -0.261994 0.338565 -0.211433
v -0.287762 0.341449 -0.141724
v -0.271446 0.331631 -0.153830
v -0.274425 0.331879 -0.145423
v -0.277290 0.332086 -0.137211
v -0.280411 0.332276 -0.128131
v -0.283788 0.332439 -0.118182
v -0.297853 0.342183 -0.110853
v -0.287421 0.332565 -0.107365
v -0.301750 0.342274 -0.099144
v -0.291309 0.332643 -0.095682
v -0.305901 0.342296 -0.086572
v -0.295453 0.332661 -0.083134
v -0.310306 0.342230 -0.073138
v -0.299851 0.332605 -0.069721
v -0.336396 0.340237 0.007470
v -0.328499 0.330497 0.018486
v -0.344837 0.338094 0.006960
v -0.352443 0.325484 0.017961
v -0.437644 0.283433 -0.238979
v -0.437447 0.279703 -0.207300
v -0.526972 0.271461 0.006960
v -0.519264 0.264242 0.017960
v -0.535092 0.267245 0.006960
v -0.542819 0.252014 0.017960
v -0.648288 0.155692 -0.306931
v -0.658546 0.139887 -0.302937
v -0.663718 0.137188 -0.340591
v -0.674256 0.120617 -0.337765
v -0.676267 0.123623 -0.360759
v -0.685273 0.109633 -0.354008
v -0.691128 0.112457 -0.369749
v -0.697238 0.100994 -0.360130
v -0.707852 0.102064 -0.373190
v -0.718898 0.087986 -0.363249
v -0.707946 0.098794 -0.383991
v -0.718946 0.078447 -0.394991
v -0.565255 0.175592 -0.383991
v -0.554255 0.166061 -0.394991
v -0.565398 0.179372 -0.373318
v -0.554306 0.177967 -0.362963
v -0.588480 0.161361 -0.359131
v -0.592462 0.166618 -0.369347
v -0.600468 0.164233 -0.363988
v -0.592164 0.160782 -0.355799
v -0.602882 0.165258 -0.356970
v -0.601886 0.170492 -0.342424
v -0.588378 0.168884 -0.337128
v -0.513050 0.272285 -0.109629
v -0.513116 0.257220 -0.140558
v -0.450985 0.268518 -0.273782
v -0.462769 0.252316 -0.273719
v -0.470925 0.243393 -0.325134
v -0.481259 0.229213 -0.320770
v -0.485163 0.227184 -0.352417
v -0.494574 0.213882 -0.346554
v -0.496558 0.216734 -0.366303
v -0.502851 0.206077 -0.357073
v -0.511813 0.207267 -0.371485
v -0.515036 0.198631 -0.360918
v -0.528674 0.198269 -0.373119
v -0.539715 0.185671 -0.362519
v -0.528712 0.194148 -0.383991
v -0.539712 0.173397 -0.394991
v -0.373839 0.261200 -0.383991
v -0.362839 0.249573 -0.394991
v -0.374010 0.265201 -0.373407
v -0.362839 0.262496 -0.362314
v -0.390103 0.253210 -0.361066
v -0.402456 0.256191 -0.369814
v -0.403521 0.249431 -0.357533
v -0.414433 0.253881 -0.363589
v -0.408054 0.249283 -0.353676
v -0.419395 0.255609 -0.354022
v -0.415164 0.262886 -0.338348
v -0.405581 0.253502 -0.344269
v -0.398305 0.263132 -0.324730
v -0.409072 0.270849 -0.322100
v -0.403033 0.278129 -0.306786
v -0.392226 0.270443 -0.309381
v -0.326276 0.337980 -0.107888
v -0.326510 0.324453 -0.138966
v -0.253332 0.321437 -0.305029
v -0.263765 0.307454 -0.308582
v -0.247471 0.316874 -0.325596
v -0.256870 0.301607 -0.333702
v -0.244582 0.312053 -0.343258
v -0.256113 0.295822 -0.352995
v -0.245116 0.308137 -0.355022
v -0.251848 0.303395 -0.365113
v -0.262183 0.292507 -0.357922
v -0.267932 0.297584 -0.370859
v -0.275637 0.288322 -0.361015
v -0.284508 0.292742 -0.373056
v -0.295512 0.282656 -0.362898
v 0.266707 0.265799 -0.069800
v 0.266669 0.236049 -0.280962
v 0.277669 0.206315 -0.332367
v 0.135719 0.269998 0.011000
v 0.125475 0.259540 -0.001778
v 0.113991 0.266787 0.011000
v -0.014115 0.271224 -0.269107
v -0.025115 0.252485 -0.319606
v -0.014544 0.251766 -0.081856
v -0.025896 0.241002 -0.083387
v -0.010656 0.240342 -0.045204
v -0.021255 0.226831 -0.042067
v -0.004553 0.237309 -0.032147
v -0.014259 0.222263 -0.026547
v -0.003742 0.223266 -0.018232
v 0.010792 0.240217 -0.024390
v 0.009675 0.227331 -0.013638
v 0.030492 0.234432 -0.010777
v 0.041569 0.249676 -0.021298
v 0.041569 0.248988 0.011000
v 0.030569 0.234081 0.000000
v -0.117322 0.251844 0.011000
v -0.106322 0.237175 0.000000
v -0.117322 0.252417 -0.021179
v -0.106307 0.237450 -0.010957
v -0.085337 0.242900 -0.024686
v -0.083537 0.229982 -0.013954
v -0.067839 0.225332 -0.020026
v -0.070205 0.239514 -0.032062
v -0.059123 0.224592 -0.028436
v -0.065232 0.241462 -0.042999
v -0.053652 0.228677 -0.044130
v -0.062495 0.246244 -0.060432
v -0.050212 0.241259 -0.084188
v -0.061600 0.253240 -0.084845
v -0.061514 0.262962 -0.321092
v -0.050637 0.252040 -0.321346
v -0.051427 0.247825 -0.339672
v -0.063099 0.257831 -0.342632
v -0.057420 0.242128 -0.359315
v -0.067104 0.254637 -0.353627
v -0.065838 0.240145 -0.366025
v -0.078993 0.252739 -0.359294
v -0.080042 0.238288 -0.370530
v -0.104571 0.236249 -0.373014
v -0.115582 0.249796 -0.362609
v -0.115582 0.238891 -0.394991
v -0.104582 0.232569 -0.383991
v 0.016765 0.240861 -0.394991
v 0.009687 0.234017 -0.383991
v 0.142920 0.273285 -0.117997
v 0.143098 0.261683 -0.091067
v 0.264688 0.197965 -0.394991
v 0.271868 0.189170 -0.383991
v 0.398297 0.147002 -0.394991
v 0.387297 0.145317 -0.383991
v 0.398257 0.159623 -0.363168
v 0.387262 0.149667 -0.373104
v 0.365928 0.175351 -0.358723
v 0.363710 0.161197 -0.369371
v 0.347247 0.170455 -0.362260
v 0.354567 0.181859 -0.353717
v 0.350523 0.185899 -0.347183
v 0.340053 0.177932 -0.350288
v 0.336892 0.186435 -0.330528
v 0.347679 0.195049 -0.325119
v 0.347964 0.245531 -0.054420
v 0.337028 0.238134 -0.053126
v 0.351615 0.244994 -0.033190
v 0.339591 0.237943 -0.034990
v 0.345847 0.236142 -0.022051
v 0.359676 0.242416 -0.026243
v 0.361354 0.231035 -0.014274
v 0.398149 0.227745 -0.020964
v 0.387254 0.221264 -0.010884
v 0.398297 0.227659 0.011000
v 0.387297 0.221261 0.000000
v 0.213885 0.272912 0.011000
v 0.224885 0.261242 0.000000
v 0.214096 0.273076 -0.021023
v 0.224978 0.261308 -0.010844
v 0.249698 0.269594 -0.025227
v 0.250463 0.258590 -0.014117
v 0.267253 0.255750 -0.021626
v 0.260258 0.267870 -0.030466
v 0.274442 0.254458 -0.035324
v 0.265207 0.266897 -0.044043
v 0.278397 0.253575 -0.062977
v 0.266669 0.298049 -0.280962
v 0.266669 0.236049 -0.280962
v 0.266763 0.265799 -0.069689
v 0.135719 0.331998 0.011000
v 0.135719 0.269998 0.011000
v 0.113991 0.328787 0.011000
v 0.113991 0.266787 0.011000
v -0.014115 0.333224 -0.269107
v -0.014115 0.271224 -0.269107
v -0.014329 0.314401 -0.084265
v -0.014413 0.252396 -0.084244
v -0.010773 0.302341 -0.045196
v -0.008468 0.238207 -0.037741
v -0.004442 0.299462 -0.032067
v 0.003183 0.238235 -0.026888
v 0.007703 0.301481 -0.025440
v 0.041532 0.311661 -0.020821
v 0.041518 0.249674 -0.021075
v 0.041569 0.310988 0.011000
v 0.041569 0.248988 0.011000
v -0.117322 0.313844 0.011000
v -0.117322 0.251844 0.011000
v -0.117133 0.314391 -0.020369
v -0.117130 0.252416 -0.020688
v -0.076657 0.240607 -0.027584
v -0.076061 0.302513 -0.027933
v -0.068879 0.301830 -0.033764
v -0.067287 0.239987 -0.036529
v -0.064602 0.303894 -0.044952
v -0.060692 0.253134 -0.084539
v -0.061415 0.315189 -0.084539
v -0.060182 0.324652 -0.323626
v -0.061262 0.262866 -0.321969
v -0.068439 0.254041 -0.356340
v -0.069241 0.316043 -0.355950
v -0.115271 0.311732 -0.363267
v -0.115653 0.249793 -0.362737
v -0.115582 0.300891 -0.394991
v -0.115582 0.238891 -0.394991
v 0.016765 0.302861 -0.394991
v 0.016765 0.240861 -0.394991
v 0.142920 0.335285 -0.117996
v 0.142920 0.273285 -0.117997
v 0.264688 0.259965 -0.394991
v 0.264688 0.197965 -0.394991
v 0.398297 0.209001 -0.394991
v 0.398297 0.147002 -0.394991
v 0.398601 0.221369 -0.363644
v 0.398488 0.159281 -0.363996
v 0.353147 0.244270 -0.354198
v 0.350751 0.184099 -0.351562
v 0.347742 0.256960 -0.325214
v 0.347743 0.195911 -0.321918
v 0.347578 0.307388 -0.060067
v 0.347465 0.245668 -0.056104
v 0.351133 0.307204 -0.034596
v 0.352958 0.244696 -0.030912
v 0.358198 0.305009 -0.026836
v 0.368497 0.239364 -0.023876
v 0.398645 0.289540 -0.020782
v 0.398297 0.227496 -0.021311
v 0.398297 0.289659 0.011000
v 0.398297 0.227659 0.011000
v 0.213885 0.334912 0.011000
v 0.213885 0.272912 0.011000
v 0.214391 0.334939 -0.021304
v 0.215906 0.272952 -0.021138
v 0.251272 0.331433 -0.025038
v 0.248044 0.269821 -0.024757
v 0.262874 0.267557 -0.033131
v 0.262693 0.329545 -0.034111
v 0.267174 0.327787 -0.069485
v 0.277669 0.290315 -0.332367
v 0.266669 0.298049 -0.280962
v 0.128597 0.342006 0.000000
v 0.135719 0.331998 0.011000
v 0.121056 0.340882 0.000000
v 0.113991 0.328787 0.011000
v -0.025115 0.336485 -0.319606
v -0.014115 0.333224 -0.269107
v -0.025208 0.321741 -0.074783
v -0.014153 0.314355 -0.084262
v -0.012617 0.305153 -0.054395
v -0.022943 0.313839 -0.050598
v -0.017627 0.307642 -0.031850
v -0.006640 0.299874 -0.034834
v -0.006867 0.306583 -0.019730
v 0.002213 0.300277 -0.027389
v 0.012439 0.312222 -0.012986
v 0.040889 0.310844 -0.019975
v 0.030545 0.318372 -0.010929
v 0.030569 0.318081 0.000000
v 0.041569 0.310988 0.011000
v -0.106322 0.321175 0.000000
v -0.117322 0.313844 0.011000
v -0.105874 0.320929 -0.010326
v -0.117322 0.314417 -0.021179
v -0.086846 0.305379 -0.024310
v -0.078518 0.312387 -0.015404
v -0.063923 0.308665 -0.022633
v -0.070602 0.301842 -0.031580
v -0.055688 0.310302 -0.035839
v -0.064738 0.303677 -0.044002
v -0.051128 0.319124 -0.064197
v -0.061413 0.314642 -0.082496
v -0.050637 0.325341 -0.084687
v -0.050440 0.335384 -0.325364
v -0.061603 0.324849 -0.321562
v -0.062715 0.320362 -0.340698
v -0.053803 0.328811 -0.351037
v -0.066744 0.316931 -0.353175
v -0.059147 0.325783 -0.361311
v -0.070459 0.323407 -0.368233
v -0.075318 0.315257 -0.358228
v -0.104490 0.320100 -0.373336
v -0.115570 0.311692 -0.363023
v -0.104582 0.316569 -0.383991
v -0.115582 0.300891 -0.394991
v 0.009687 0.318017 -0.383991
v 0.016765 0.302861 -0.394991
v 0.143098 0.345683 -0.091067
v 0.142920 0.335285 -0.117996
v 0.271868 0.273170 -0.383991
v 0.264688 0.259965 -0.394991
v 0.387297 0.229317 -0.383991
v 0.398297 0.209001 -0.394991
v 0.387292 0.233650 -0.373020
v 0.398297 0.221593 -0.363037
v 0.369586 0.235498 -0.359570
v 0.360822 0.246637 -0.368854
v 0.355461 0.243288 -0.354381
v 0.345123 0.256432 -0.360096
v 0.351188 0.247180 -0.348821
v 0.339544 0.262881 -0.348318
v 0.336789 0.271498 -0.327375
v 0.347817 0.256353 -0.326888
v 0.336702 0.321962 -0.058886
v 0.347788 0.307256 -0.061050
v 0.349231 0.307581 -0.042064
v 0.339174 0.322107 -0.036460
v 0.353328 0.306699 -0.030700
v 0.345280 0.320637 -0.022982
v 0.355724 0.317032 -0.016325
v 0.359795 0.304396 -0.026586
v 0.370103 0.311887 -0.012684
v 0.373937 0.299284 -0.023197
v 0.387288 0.305200 -0.010957
v 0.398297 0.289496 -0.021311
v 0.387297 0.305261 0.000000
v 0.398297 0.289659 0.011000
v 0.224885 0.345242 0.000000
v 0.213885 0.334912 0.011000
v 0.224885 0.345225 -0.011021
v 0.213885 0.334878 -0.021346
v 0.246148 0.343265 -0.013033
v 0.243668 0.332447 -0.023810
v 0.263850 0.340604 -0.019313
v 0.259121 0.330245 -0.029386
v 0.270449 0.339398 -0.025715
v 0.263074 0.329463 -0.035869
v 0.275348 0.338239 -0.039027
v 0.266661 0.328325 -0.058856
v 0.277742 0.336932 -0.060805
v 0.502713 0.174839 -0.031207
v 0.508085 0.161376 -0.020546
v 0.514010 0.157766 -0.029055
v 0.507040 0.171985 -0.049432
v 0.518012 0.154776 -0.048350
v 0.507654 0.119426 -0.322585
v 0.517918 0.097593 -0.339020
v 0.505256 0.112626 -0.346131
v 0.513416 0.094062 -0.355557
v 0.500171 0.112022 -0.354874
v 0.508027 0.094319 -0.362858
v 0.499525 0.097318 -0.367321
v 0.482973 0.119576 -0.360077
v 0.484756 0.103696 -0.370963
v 0.450706 0.134968 -0.362702
v 0.461679 0.114627 -0.373024
v 0.450660 0.122540 -0.394991
v 0.461660 0.110437 -0.383991
v 0.644933 0.020497 -0.394991
v 0.633933 0.018900 -0.383991
v 0.644933 0.030382 -0.362589
v 0.633898 0.022322 -0.373130
v 0.617750 0.045963 -0.360689
v 0.604658 0.039505 -0.369767
v 0.598846 0.057894 -0.356468
v 0.589766 0.049543 -0.364051
v 0.593305 0.062296 -0.352384
v 0.583535 0.055090 -0.357581
v 0.588805 0.069153 -0.339060
v 0.577942 0.063646 -0.341024
v 0.588265 0.123109 -0.054269
v 0.577503 0.119282 -0.048348
v 0.591101 0.122018 -0.036640
v 0.582524 0.116633 -0.028690
v 0.597094 0.118501 -0.028509
v 0.589557 0.112491 -0.020528
v 0.601591 0.104993 -0.014896
v 0.612142 0.109390 -0.024010
v 0.633816 0.084667 -0.010649
v 0.644854 0.088405 -0.021135
v 0.644933 0.088408 0.011000
v 0.633933 0.084524 0.000000
v 0.450660 0.203417 0.011000
v 0.461660 0.186889 0.000000
v 0.450711 0.203273 -0.021472
v 0.461736 0.186873 -0.010853
v 0.483190 0.186226 -0.023569
v 0.494388 0.169246 -0.014353
v 0.497136 0.178457 -0.026961
v 0.506270 0.234813 -0.041321
v 0.506779 0.172351 -0.045521
v 0.507504 0.232946 -0.062717
v 0.507504 0.170946 -0.062717
v 0.507804 0.181581 -0.321648
v 0.507504 0.119810 -0.321273
v 0.506720 0.114587 -0.338432
v 0.503524 0.173864 -0.350671
v 0.502655 0.111914 -0.352233
v 0.497730 0.175171 -0.356323
v 0.496498 0.113570 -0.356905
v 0.451757 0.196201 -0.364365
v 0.451018 0.134730 -0.363244
v 0.450660 0.184540 -0.394991
v 0.450660 0.122540 -0.394991
v 0.644933 0.082497 -0.394991
v 0.644933 0.020497 -0.394991
v 0.644838 0.092241 -0.363090
v 0.644801 0.030270 -0.362987
v 0.604459 0.116172 -0.358154
v 0.592714 0.061886 -0.354172
v 0.591269 0.126299 -0.349583
v 0.587999 0.073658 -0.325581
v 0.588039 0.136171 -0.323738
v 0.588005 0.185119 -0.057797
v 0.588041 0.123258 -0.055329
v 0.592594 0.183512 -0.034001
v 0.591530 0.121824 -0.036167
v 0.596420 0.119037 -0.028854
v 0.601865 0.177650 -0.026276
v 0.645047 0.088268 -0.020383
v 0.645004 0.150257 -0.020746
v 0.644933 0.150408 0.011000
v 0.644933 0.088408 0.011000
v 0.450660 0.265417 0.011000
v 0.450660 0.203417 0.011000
v 0.450799 0.265241 -0.021529
v 0.451457 0.203209 -0.020406
v 0.500564 0.238737 -0.027315
v 0.502106 0.175577 -0.029720
v 0.511589 0.243559 -0.023907
v 0.499719 0.239072 -0.028010
v 0.503893 0.236496 -0.033421
v 0.518258 0.238771 -0.047996
v 0.507363 0.233883 -0.052059
v 0.518512 0.185089 -0.326992
v 0.507528 0.181514 -0.322281
v 0.506059 0.175377 -0.343126
v 0.514566 0.178200 -0.354094
v 0.501036 0.174253 -0.354524
v 0.505420 0.179187 -0.364845
v 0.488927 0.185768 -0.370198
v 0.485093 0.180614 -0.359785
v 0.461679 0.198558 -0.373123
v 0.450669 0.196918 -0.362721
v 0.461660 0.194437 -0.383991
v 0.450660 0.184540 -0.394991
v 0.633933 0.102900 -0.383991
v 0.644933 0.082497 -0.394991
v 0.633796 0.106151 -0.373334
v 0.644924 0.092342 -0.362710
v 0.606202 0.115087 -0.358965
v 0.598311 0.127563 -0.368160
v 0.594224 0.123533 -0.353516
v 0.586299 0.136476 -0.361202
v 0.579637 0.144427 -0.348346
v 0.590628 0.127813 -0.346066
v 0.588127 0.134830 -0.328266
v 0.577080 0.153425 -0.323715
v 0.577065 0.203046 -0.055135
v 0.588013 0.184852 -0.060431
v 0.590027 0.184671 -0.040722
v 0.581368 0.201521 -0.031627
v 0.594769 0.182116 -0.030564
v 0.588472 0.197235 -0.021324
v 0.601423 0.189167 -0.014941
v 0.602336 0.177320 -0.026359
v 0.618101 0.167362 -0.023054
v 0.633754 0.168405 -0.010580
v 0.644933 0.150246 -0.021544
v 0.633933 0.168524 0.000000
v 0.644933 0.150408 0.011000
v 0.461660 0.270889 0.000000
v 0.450660 0.265417 0.011000
v 0.461708 0.270763 -0.010829
v 0.450676 0.265225 -0.021394
v 0.482602 0.248531 -0.023552
v 0.486158 0.257743 -0.013015
v 0.501197 0.249437 -0.016640
vn 0.438500 0.825200 -0.355900
vn 0.454100 0.845100 -0.282300
vn 0.458000 0.852400 -0.252100
vn 0.452400 0.844100 -0.287800
vn 0.446300 0.833900 -0.324700
vn 0.431400 0.802900 -0.411500
vn 0.457700 0.841200 -0.288000
vn 0.455500 0.835100 -0.308400
vn 0.458100 0.839100 -0.293300
vn 0.464000 0.842800 -0.272700
vn 0.461700 0.837500 -0.292400
vn 0.467200 0.840600 -0.274000
vn 0.469400 0.866900 -0.167700
vn 0.497100 0.853300 -0.157700
vn 0.517100 0.855300 -0.032500
vn 0.515000 0.857000 -0.017500
vn 0.515900 0.856600 -0.002300
vn 0.512200 0.857300 0.051400
vn 0.512200 0.857400 0.049400
vn 0.508500 0.854300 0.107800
vn 0.508800 0.859000 -0.056200
vn 0.486400 0.833300 0.262600
vn 0.505300 0.862900 0.002600
vn 0.506300 0.852100 0.132100
vn -0.011900 0.937600 -0.347500
vn -0.016900 0.917900 -0.396500
vn -0.012000 0.930100 -0.367000
vn 0.002100 0.950100 -0.311800
vn 0.018500 0.963700 -0.266400
vn 0.186700 0.966500 -0.176300
vn -0.144600 0.943800 -0.297200
vn 0.335200 0.882200 -0.330700
vn 0.210100 0.823500 -0.527000
vn 0.353900 0.870500 -0.342000
vn 0.318500 0.882100 -0.347200
vn 0.116800 0.933600 -0.338800
vn 0.264600 0.855400 -0.445400
vn 0.050800 0.956900 -0.285800
vn 0.308900 0.890400 -0.334400
vn 0.556500 0.821800 0.121800
vn 0.316000 0.935500 -0.158300
vn -0.152100 0.987000 0.051700
vn 0.258000 0.950300 -0.174300
vn 0.031300 0.997000 0.070800
vn -0.094600 0.995100 0.029600
vn -0.147500 0.988900 0.016400
vn 0.035000 0.944500 0.326500
vn 0.038600 0.945800 0.322400
vn 0.253500 0.967000 0.026900
vn 0.242800 0.970000 -0.010600
vn 0.036900 0.985500 0.165800
vn 0.048700 0.991300 0.122200
vn 0.244300 0.969300 0.026000
vn 0.239100 0.966100 0.097600
vn 0.239500 0.930400 0.277500
vn 0.046800 0.988800 -0.141700
vn 0.038800 0.979400 -0.198300
vn 0.241000 0.934800 0.260800
vn 0.030900 0.704000 -0.709500
vn 0.005700 0.567400 -0.823400
vn 0.166200 0.583300 0.795100
vn 0.216400 0.878300 0.426400
vn 0.019500 0.999500 -0.024600
vn 0.022600 0.999600 0.017600
vn 0.239300 0.971000 0.001100
vn 0.239000 0.971000 -0.002500
vn -0.457500 0.850100 -0.260900
vn -0.452800 0.832100 -0.320200
vn -0.371100 0.857200 -0.356900
vn -0.372400 0.862800 -0.341900
vn -0.174300 0.918000 -0.356200
vn -0.173400 0.927000 -0.332400
vn -0.357900 0.829900 -0.428100
vn -0.153300 0.818900 -0.553100
vn -0.458800 0.843200 -0.280100
vn -0.332600 0.778700 -0.532000
vn -0.449000 0.821300 -0.352000
vn -0.160800 0.874100 -0.458400
vn -0.450000 0.823500 -0.345400
vn -0.355900 0.830000 -0.429500
vn -0.161700 0.878000 -0.450400
vn -0.330600 0.756900 -0.563700
vn -0.455300 0.832400 -0.315900
vn -0.165300 0.911700 -0.376000
vn -0.463600 0.842900 -0.273200
vn -0.165300 0.911800 -0.375900
vn -0.374400 0.849200 -0.372400
vn -0.461600 0.837500 -0.292500
vn -0.374900 0.849900 -0.370200
vn -0.166400 0.928100 -0.333100
vn -0.167400 0.929800 -0.327900
vn -0.378600 0.864500 -0.330700
vn -0.466000 0.843600 -0.266800
vn -0.465800 0.837800 -0.284800
vn -0.167300 0.935000 -0.312600
vn -0.170100 0.936600 -0.306400
vn -0.380300 0.867200 -0.321300
vn -0.374600 0.876000 -0.303600
vn -0.466100 0.838400 -0.282400
vn -0.463400 0.836900 -0.291300
vn -0.170500 0.942100 -0.288800
vn -0.442800 0.872000 -0.208500
vn -0.378600 0.880700 -0.284600
vn -0.370200 0.886700 -0.277000
vn -0.122400 0.968000 -0.219300
vn -0.303100 0.938500 -0.165100
vn -0.584300 0.808000 -0.075500
vn -0.330200 0.921500 -0.204400
vn -0.461200 0.865800 -0.194200
vn 0.024500 0.915400 -0.401700
vn -0.168200 0.985700 -0.013100
vn -0.379000 0.923300 -0.062200
vn -0.226600 0.962700 -0.148200
vn -0.460200 0.886500 -0.048700
vn -0.125600 0.991800 -0.021300
vn -0.364500 0.924000 -0.115500
vn -0.442800 -0.833300 0.330900
vn -0.447600 -0.839400 0.308400
vn -0.448500 -0.841000 0.302600
vn -0.457500 -0.855300 0.243400
vn -0.427600 -0.794300 0.431600
vn -0.455300 -0.838100 0.300300
vn -0.453800 -0.834000 0.313800
vn -0.459600 -0.843600 0.277800
vn -0.458700 -0.836500 0.299900
vn -0.461700 -0.840600 0.283300
vn -0.462400 -0.837300 0.291800
vn -0.475500 -0.863700 0.167100
vn -0.501000 -0.850900 0.157900
vn -0.516800 -0.855500 0.032100
vn -0.515000 -0.857000 0.018600
vn -0.516000 -0.856600 -0.001700
vn -0.515700 -0.856700 -0.005300
vn -0.497400 -0.822200 -0.276800
vn -0.504300 -0.846500 -0.170400
vn -0.512200 -0.856500 0.063100
vn -0.509500 -0.858100 -0.063100
vn -0.510600 -0.859800 -0.002600
vn -0.510800 -0.859700 -0.008500
vn 0.012000 -0.945600 0.325000
vn 0.016100 -0.930900 0.365000
vn 0.003300 -0.956000 0.293300
vn -0.002700 -0.961600 0.274400
vn -0.186700 -0.966500 0.176300
vn 0.144600 -0.943800 0.297200
vn -0.335200 -0.882200 0.330700
vn -0.272100 -0.857900 0.435800
vn -0.342200 -0.873900 0.345200
vn 0.354800 -0.078000 0.931700
vn -0.254300 -0.857100 0.447900
vn -0.427800 -0.711700 0.557300
vn -0.080800 -0.944000 0.319800
vn -0.309200 -0.889000 0.337900
vn -0.556500 -0.821800 -0.121800
vn -0.334400 -0.928700 0.160200
vn 0.178200 -0.982800 -0.048800
vn -0.267100 -0.946900 0.179100
vn 0.081400 -0.994900 -0.059300
vn 0.094600 -0.995100 -0.029600
vn 0.147400 -0.988900 -0.016500
vn -0.044600 -0.945200 -0.323400
vn -0.252100 -0.967600 -0.011400
vn -0.044600 -0.945300 -0.323300
vn -0.034900 -0.952700 -0.302000
vn -0.246100 -0.969100 0.015500
vn -0.050700 -0.991100 -0.123300
vn -0.242900 -0.968900 -0.046900
vn -0.056000 -0.987000 -0.150600
vn -0.241300 -0.969900 -0.033300
vn -0.055400 -0.971700 0.229500
vn -0.048900 -0.984500 0.168600
vn -0.233800 -0.940300 -0.247400
vn -0.243100 -0.954700 -0.171500
vn -0.019400 -0.633000 0.773900
vn -0.012700 -0.599000 0.800600
vn -0.225800 -0.877800 -0.422500
vn -0.178600 -0.732900 -0.656400
vn -0.021700 -0.999800 -0.004900
vn -0.022600 -0.999600 -0.017700
vn -0.238500 -0.971100 0.001500
vn -0.239000 -0.971000 -0.007400
vn 0.457500 -0.850100 0.260800
vn 0.452900 -0.832100 0.320300
vn 0.371100 -0.857200 0.357000
vn 0.372400 -0.862800 0.341900
vn 0.173500 -0.913600 0.367800
vn 0.172800 -0.921900 0.346800
vn 0.458300 -0.842200 0.284100
vn 0.375000 -0.868700 0.323600
vn 0.337300 -0.796700 0.501600
vn 0.455400 -0.836500 0.304700
vn 0.159600 -0.850700 0.500800
vn 0.164200 -0.892200 0.420700
vn 0.458300 -0.841400 0.286300
vn 0.450100 -0.823000 0.346500
vn 0.336100 -0.794100 0.506500
vn 0.166100 -0.899500 0.404100
vn 0.324200 -0.762300 0.560100
vn 0.166500 -0.910800 0.377800
vn 0.462400 -0.844000 0.271700
vn 0.373600 -0.851500 0.367800
vn 0.459700 -0.834300 0.304400
vn 0.170100 -0.924800 0.340300
vn 0.165800 -0.918200 0.359900
vn 0.376400 -0.859400 0.346000
vn 0.465500 -0.844100 0.266200
vn 0.466700 -0.836500 0.287000
vn 0.378200 -0.861700 0.338200
vn 0.167300 -0.932600 0.319800
vn 0.169300 -0.933900 0.315000
vn 0.378500 -0.869700 0.316800
vn 0.467000 -0.837800 0.282800
vn 0.172500 -0.940900 0.291500
vn 0.378500 -0.869700 0.316700
vn 0.374000 -0.878200 0.298200
vn 0.469400 -0.839900 0.272400
vn 0.443900 -0.871400 0.208900
vn 0.376100 -0.882300 0.283100
vn 0.156900 -0.952700 0.260300
vn 0.371000 -0.885900 0.278500
vn 0.112200 -0.969900 0.215900
vn 0.303100 -0.938500 0.165200
vn 0.584600 -0.807800 0.075600
vn 0.338300 -0.919000 0.202300
vn 0.461200 -0.865800 0.194200
vn -0.024500 -0.915400 0.401700
vn 0.168200 -0.985700 0.013100
vn 0.379000 -0.923300 0.062200
vn 0.196900 -0.972700 0.123100
vn 0.160200 -0.983900 0.078800
vn 0.141300 -0.988700 0.049900
vn 0.460200 -0.886500 0.048700
vn 0.460500 -0.884500 0.075300
vn 0.471700 -0.866700 -0.162200
vn 0.545600 -0.835700 -0.063600
vn 0.450100 -0.684800 0.573200
vn 0.518000 -0.678000 0.521600
vn 0.604400 -0.761100 0.235400
vn 0.711600 -0.650500 0.265400
vn 0.708100 -0.659400 0.252800
vn 0.708100 -0.659300 0.252900
vn 0.253000 -0.601400 0.757900
vn 0.341800 -0.588900 0.732300
vn 0.453400 -0.613200 0.646800
vn 0.626600 -0.619500 0.472800
vn 0.516000 -0.597000 0.614300
vn 0.686100 -0.620300 0.380200
vn 0.641800 -0.612600 0.461400
vn 0.674700 -0.674600 0.299700
vn 0.684600 -0.636700 0.354700
vn 0.544000 -0.809500 0.220900
vn -0.228100 -0.967100 -0.112700
vn -0.258000 -0.962800 -0.081000
vn 0.729700 -0.628300 0.269800
vn 0.760800 -0.591000 0.268300
vn 0.708500 -0.664500 0.237800
vn 0.714600 -0.661200 0.228600
vn 0.714600 -0.661100 0.228600
vn 0.719500 -0.658200 0.221600
vn 0.474400 -0.732000 0.489000
vn 0.501000 -0.730300 0.464400
vn -0.165900 -0.784100 0.598000
vn -0.236600 -0.787000 0.569700
vn 0.122300 -0.886300 0.446600
vn 0.332800 -0.842800 0.423000
vn 0.653500 -0.615500 0.440500
vn 0.584200 -0.637900 0.501800
vn 0.075600 -0.791500 0.606400
vn -0.034900 -0.820100 0.571100
vn -0.305000 -0.827300 0.471800
vn -0.240200 -0.795900 0.555800
vn -0.000000 -0.774400 0.632700
vn 0.029800 -0.987100 -0.157400
vn -0.004400 -0.992100 -0.125400
vn -0.132400 -0.832800 0.537500
vn -0.150900 -0.731500 0.665000
vn -0.168800 -0.714300 0.679200
vn 0.002800 -0.658600 0.752500
vn 0.092000 -0.645700 0.758000
vn 0.195000 -0.608500 0.769200
vn 0.729500 -0.683300 -0.030500
vn 0.640100 -0.741100 -0.202500
vn 0.624200 -0.605800 0.493400
vn 0.629100 -0.595400 0.499700
vn 0.395500 -0.568700 0.721200
vn 0.632100 -0.553900 0.541900
vn 0.501600 -0.555100 0.663600
vn 0.838400 -0.545000 -0.004400
vn 0.186200 -0.967600 -0.170500
vn 0.439100 -0.885600 -0.151200
vn 0.839700 -0.542800 -0.015800
vn 0.648200 -0.550600 0.526000
vn 0.756700 -0.554400 0.346300
vn 0.822700 -0.529400 0.207200
vn 0.816500 -0.549500 0.177300
vn -0.454100 -0.874900 0.168700
vn -0.442300 -0.868900 0.222400
vn -0.321700 -0.748300 0.580100
vn -0.333500 -0.759700 0.558300
vn -0.223000 -0.703700 0.674600
vn -0.050600 -0.639300 0.767300
vn 0.019800 -0.621400 0.783300
vn -0.215000 -0.694900 0.686200
vn 0.168600 -0.582800 0.794900
vn 0.171200 -0.575000 0.800100
vn 0.018300 -0.742900 0.669100
vn -0.028800 -0.997000 -0.071900
vn -0.035900 -0.997200 -0.064900
vn -0.144300 -0.805800 0.574300
vn 0.680600 -0.732500 -0.015600
vn 0.595500 -0.788000 -0.156000
vn 0.541600 -0.628100 0.558700
vn 0.553200 -0.628300 0.547000
vn 0.291700 -0.564800 0.772000
vn 0.288600 -0.560800 0.776000
vn 0.484000 -0.547900 0.682400
vn 0.738700 -0.590600 0.324800
vn 0.680200 -0.536200 0.499800
vn 0.488200 -0.543900 0.682500
vn 0.785600 -0.576900 0.223600
vn 0.793700 -0.608300 -0.005100
vn 0.792300 -0.610000 0.011800
vn 0.804700 -0.586000 -0.094900
vn 0.104700 -0.973800 -0.201900
vn 0.263400 -0.943900 -0.199200
vn 0.801300 -0.594000 -0.070700
vn -0.619600 -0.783100 0.053600
vn -0.627900 -0.778100 0.019600
vn -0.195000 -0.724300 0.661400
vn -0.316200 -0.759500 0.568500
vn -0.558300 -0.737000 0.381000
vn -0.446100 -0.741500 0.501300
vn -0.322400 -0.654400 0.683900
vn -0.102700 -0.623400 0.775100
vn -0.031800 -0.607400 0.793700
vn -0.653600 0.000100 -0.756900
vn -0.736600 0.000100 -0.676300
vn 0.810600 -0.000000 -0.585600
vn 0.574700 -0.000000 -0.818300
vn 0.734100 0.005200 0.679000
vn 0.825000 0.004300 0.565100
vn 0.430600 -0.005200 0.902500
vn 0.611400 0.016900 0.791100
vn 0.940000 -0.000600 0.341200
vn 0.939300 -0.003000 0.343100
vn 0.941500 -0.001700 0.337000
vn 0.943300 -0.000100 0.331900
vn 0.810500 -0.001800 0.585800
vn 0.929200 -0.009500 0.369400
vn 0.925800 0.003600 0.377900
vn 0.670000 0.011700 0.742300
vn -0.461900 0.018700 0.886700
vn -0.610700 0.014700 0.791700
vn 0.569400 0.015600 0.821900
vn 0.948900 -0.000700 0.315700
vn 0.951500 -0.001800 0.307600
vn -0.198200 -0.000000 0.980200
vn 0.226300 -0.000000 0.974100
vn 0.681600 -0.000000 0.731800
vn 0.483400 -0.000000 0.875400
vn -0.430100 -0.000000 0.902800
vn -0.716100 -0.000000 0.698000
vn -0.925700 -0.001400 0.378200
vn -0.918800 0.002300 0.394700
vn -0.748700 -0.005400 0.662900
vn -0.697600 0.004900 0.716500
vn -0.913300 0.002700 0.407300
vn -0.563300 0.003200 0.826300
vn -0.675100 -0.000100 -0.737700
vn -0.766800 -0.000100 -0.641900
vn 0.874500 -0.000800 -0.485100
vn 0.509000 -0.000500 -0.860700
vn 0.777200 -0.003300 0.629200
vn 0.747600 0.003200 0.664100
vn 0.970700 0.015400 -0.239900
vn 0.982700 -0.000600 -0.185200
vn -0.336200 -0.008300 -0.941800
vn 0.258600 -0.010800 -0.965900
vn 0.713400 -0.000000 0.700800
vn 0.812100 0.027400 0.582900
vn -0.998400 -0.000600 -0.055800
vn -0.998100 -0.000900 0.062300
vn -0.901900 -0.000700 0.431900
vn -0.876400 0.000000 0.481600
vn -0.656600 -0.002300 0.754200
vn -0.392500 0.000600 0.919700
vn -0.580400 -0.003100 0.814300
vn -0.698300 -0.000200 -0.715800
vn -0.719800 -0.000200 -0.694100
vn -0.886000 0.001900 0.463700
vn 0.859600 -0.001300 -0.511000
vn 0.517600 -0.000800 -0.855600
vn 0.709800 -0.003800 0.704300
vn 0.743900 0.007500 0.668200
vn 0.932600 0.000600 -0.361000
vn 0.932800 0.000700 -0.360500
vn -0.189800 -0.000300 -0.981800
vn 0.136600 -0.000100 -0.990600
vn 0.181500 -0.006800 0.983400
vn 0.388000 0.007800 0.921600
vn 0.917300 -0.027600 0.397300
vn 0.919200 -0.000100 0.393800
vn 0.942300 -0.004300 -0.334600
vn -0.948000 -0.002600 -0.318200
vn -0.959600 0.006400 -0.281400
vn -0.614500 -0.003200 0.788900
vn -0.863300 0.004700 0.504700
vn -0.979200 -0.007300 -0.202800
vn -0.965800 0.027400 0.257700
vn -0.919200 -0.021000 0.393300
vn -0.453500 0.022900 0.891000
vn -0.282500 -0.008400 0.959200
vn -0.456400 0.646800 -0.611000
vn -0.497900 0.649600 -0.574500
vn 0.344000 0.739500 -0.578600
vn 0.216800 0.709500 -0.670600
vn 0.411600 0.894700 0.173600
vn 0.426400 0.895400 0.128000
vn 0.602600 0.794300 0.077600
vn 0.616200 0.779800 0.110600
vn 0.621900 0.772700 0.127000
vn 0.609100 0.779300 0.147400
vn 0.312900 0.834400 0.453700
vn 0.545400 0.805500 0.231800
vn 0.432700 0.843700 0.317800
vn 0.606400 0.789700 0.093100
vn 0.593500 0.795800 0.119800
vn 0.610800 0.772100 0.175700
vn 0.611400 0.767700 0.192000
vn 0.611200 0.767600 0.192700
vn 0.620600 0.760700 0.190400
vn 0.625200 0.755300 0.196400
vn 0.626200 0.752400 0.204300
vn 0.625400 0.752400 0.206900
vn 0.623000 0.752400 0.214000
vn 0.269900 0.816400 0.510500
vn 0.221800 0.812300 0.539300
vn -0.469400 0.742900 0.477200
vn -0.527900 0.740500 0.415900
vn -0.322200 0.929700 0.178700
vn -0.222000 0.957600 0.183700
vn 0.027100 0.893400 0.448400
vn -0.056900 0.858700 0.509300
vn -0.592700 0.654700 0.469100
vn -0.704800 0.624100 0.337200
vn -0.834200 0.542800 0.097300
vn -0.833400 0.545300 0.089600
vn -0.829600 0.549800 0.097300
vn -0.820800 0.558200 0.121300
vn -0.698500 0.682700 0.214600
vn -0.608600 0.602000 -0.516900
vn -0.645800 0.599400 -0.472900
vn -0.761400 0.644600 0.069500
vn -0.776600 0.590900 0.218400
vn -0.724500 0.624200 0.292400
vn -0.631300 0.659900 0.407400
vn -0.568900 0.692900 0.443000
vn 0.114900 0.814000 -0.569400
vn -0.047700 0.742600 -0.668100
vn 0.057800 0.994000 0.092800
vn 0.026400 0.993000 0.115400
vn 0.222700 0.865100 -0.449400
vn 0.275700 0.865000 -0.419200
vn -0.451700 0.790400 -0.413800
vn -0.299700 0.844600 -0.443700
vn -0.097400 0.894500 0.436400
vn 0.210600 0.950000 0.230400
vn 0.269600 0.961800 -0.048000
vn 0.395900 0.899500 -0.184800
vn -0.786700 0.594800 -0.165200
vn -0.793500 0.595800 -0.124300
vn -0.804100 0.593300 0.038600
vn -0.802500 0.594800 0.046900
vn -0.791300 0.603300 0.099300
vn -0.784700 0.607000 0.126000
vn -0.708200 0.655800 0.261600
vn -0.661500 0.678400 0.319600
vn -0.527200 0.727000 0.440000
vn -0.494300 0.742500 0.452000
vn -0.657100 0.728800 0.192500
vn -0.576000 0.598300 -0.557000
vn -0.585600 0.598200 -0.547000
vn -0.736900 0.675100 0.036100
vn 0.214600 0.777000 -0.591800
vn 0.040900 0.713200 -0.699800
vn 0.168900 0.980400 0.101800
vn 0.149300 0.983800 0.099100
vn 0.399800 0.914000 -0.068800
vn 0.481700 0.841600 -0.244000
vn 0.423500 0.753500 -0.502900
vn 0.434100 0.757200 -0.488000
vn -0.072200 0.861400 0.502700
vn 0.064800 0.906700 0.416800
vn -0.183400 0.839600 0.511300
vn 0.286900 0.911300 0.295500
vn 0.397300 0.790600 -0.466000
vn 0.396100 0.795100 -0.459300
vn -0.264900 0.869200 -0.417400
vn -0.166400 0.888600 -0.427500
vn 0.410300 0.749500 -0.519500
vn 0.410000 0.749300 -0.520000
vn -0.696200 0.640000 -0.325100
vn -0.698400 0.636600 -0.327200
vn -0.720800 0.614100 -0.321500
vn -0.726200 0.627100 -0.281800
vn -0.565900 0.800900 0.195800
vn -0.639400 0.765800 0.068700
vn -0.738600 0.631900 -0.234900
vn -0.702400 0.709600 0.055900
vn -0.620600 0.725900 0.296400
vn -0.477300 0.775200 0.413700
vn -0.371500 0.785100 0.495500
vn -0.314200 0.806900 0.500300
vn -0.791700 -0.609000 0.048100
vn -0.128700 -0.916100 0.379800
vn -0.080500 -0.917600 0.389200
vn -0.782000 -0.623100 0.013700
vn 0.447000 -0.742800 0.498400
vn 0.076300 -0.867900 0.490800
vn -0.313400 -0.833500 0.455000
vn 0.138700 -0.970800 0.195800
vn 0.224100 -0.958600 0.175700
vn 0.772900 -0.612500 -0.165900
vn 0.772800 -0.612500 -0.166100
vn 0.681500 -0.633500 -0.366300
vn 0.674500 -0.626500 -0.390500
vn 0.563600 -0.608600 -0.558600
vn 0.598800 -0.593000 -0.538300
vn 0.594500 -0.692700 -0.408400
vn 0.626400 -0.694900 -0.353200
vn 0.488000 -0.728000 0.481600
vn 0.486900 -0.728000 0.482700
vn 0.363600 -0.630600 -0.685700
vn 0.476500 -0.597700 -0.644700
vn -0.501500 -0.724400 0.473100
vn -0.490600 -0.724400 0.484300
vn -0.624400 -0.697700 -0.351300
vn -0.589500 -0.697500 -0.407500
vn -0.720900 -0.678600 -0.140700
vn -0.712700 -0.691700 -0.116400
vn -0.704600 -0.704800 0.082600
vn -0.708900 -0.700200 0.084800
vn -0.364300 -0.635100 -0.681100
vn -0.377800 -0.622200 -0.685600
vn -0.514100 -0.599700 -0.613200
vn -0.578200 -0.612900 -0.538500
vn -0.646900 -0.591500 -0.481400
vn -0.705500 -0.615700 -0.351100
vn -0.732400 -0.630700 -0.256600
vn -0.716900 -0.610600 -0.336400
vn -0.313000 -0.725400 0.613100
vn -0.409100 -0.905000 -0.116800
vn -0.356600 -0.917300 -0.177100
vn -0.398800 -0.738900 0.543200
vn -0.669800 -0.683300 0.290500
vn -0.654400 -0.684900 0.320500
vn -0.515200 -0.645900 0.563400
vn -0.468900 -0.668000 0.577900
vn -0.274300 -0.619300 0.735700
vn -0.137700 -0.623900 0.769300
vn -0.087600 -0.607500 0.789500
vn 0.372500 -0.840600 -0.393300
vn 0.357500 -0.843900 -0.400000
vn -0.053300 -0.954700 -0.292800
vn -0.158700 -0.944200 -0.288500
vn -0.606200 -0.734200 -0.305600
vn -0.547600 -0.763900 -0.341500
vn 0.083000 -0.993900 -0.072000
vn 0.081200 -0.994000 -0.073800
vn 0.057000 -0.735600 0.675100
vn 0.201300 -0.791000 0.577800
vn 0.498000 -0.808200 0.314300
vn 0.530400 -0.814400 0.235400
vn 0.554000 -0.832200 0.024200
vn 0.554300 -0.831900 0.026500
vn -0.058400 -0.596800 0.800300
vn 0.207900 -0.668400 0.714200
vn 0.131800 -0.646800 0.751200
vn 0.412500 -0.754400 0.510600
vn 0.425200 -0.840100 -0.336700
vn 0.528300 -0.825200 -0.200000
vn 0.048600 -0.763900 -0.643500
vn 0.134500 -0.894000 -0.427300
vn 0.206700 -0.910000 -0.359500
vn -0.091200 -0.727500 -0.680100
vn 0.289300 -0.786000 -0.546300
vn 0.151800 -0.913400 0.377600
vn 0.194100 -0.920300 0.339700
vn -0.532400 -0.789200 0.306300
vn -0.494500 -0.795200 0.351000
vn -0.500100 -0.779200 -0.377900
vn -0.492100 -0.779700 -0.387200
vn -0.286800 -0.699200 -0.654900
vn -0.273700 -0.697300 -0.662500
vn -0.998000 0.001100 -0.062900
vn -0.254300 0.008000 0.967100
vn -0.154700 0.007800 0.987900
vn -0.998800 0.005000 -0.049400
vn -0.572200 -0.669200 -0.474100
vn -0.578500 -0.686800 -0.440100
vn -0.736200 -0.648000 -0.194900
vn -0.737100 -0.664800 -0.121600
vn 0.551200 -0.000000 0.834400
vn 0.536900 -0.000000 0.843600
vn -0.518600 -0.000000 0.855000
vn -0.564200 -0.000000 0.825700
vn 0.082800 -0.001500 0.996600
vn 0.329300 -0.001600 0.944200
vn 0.999000 0.004400 -0.045500
vn 0.998200 0.006000 -0.059300
vn 0.971200 -0.000400 -0.238400
vn 0.876400 0.015700 -0.481300
vn 0.806100 0.005800 -0.591700
vn 0.708300 -0.000100 0.705900
vn 0.706800 -0.000100 0.707400
vn 0.711800 0.002800 -0.702400
vn 0.726300 -0.014200 -0.687300
vn 0.279800 0.002000 -0.960100
vn 0.456800 0.014000 -0.889400
vn -0.717200 -0.000000 0.696900
vn -0.701100 -0.000000 0.713100
vn -0.812400 -0.000200 -0.583100
vn -0.717700 0.003600 -0.696300
vn -0.415200 0.002100 -0.909700
vn -0.822700 0.000600 -0.568500
vn -0.869000 0.015300 -0.494600
vn -0.462600 0.006000 -0.886600
vn -0.998000 0.007600 -0.062200
vn -0.999300 -0.003600 -0.038000
vn -0.993100 0.000900 0.116900
vn -0.994500 0.013200 0.103800
vn -0.979100 -0.001300 -0.203500
vn -0.671000 0.001000 0.741400
vn -0.768800 0.002400 -0.639500
vn -0.625600 0.001900 -0.780200
vn -0.817900 0.007700 0.575300
vn -0.620500 0.006900 0.784200
vn 0.561200 0.000000 -0.827700
vn 0.519400 0.000000 -0.854500
vn 0.103100 0.000000 -0.994700
vn -0.094400 0.000000 -0.995500
vn -0.651100 0.000000 -0.759000
vn -0.441400 0.000000 -0.897300
vn 0.706500 -0.000600 -0.707700
vn 0.700600 -0.000600 -0.713500
vn 0.628000 -0.005100 0.778200
vn 0.902300 0.005900 0.431100
vn 0.998400 0.002700 0.056700
vn 0.997600 -0.008300 0.069200
vn 0.997500 -0.005900 -0.070100
vn 0.995300 0.004300 -0.096700
vn 0.819800 -0.017100 0.572400
vn 0.647000 0.020200 0.762200
vn 0.814300 0.002500 -0.580500
vn 0.692200 -0.012100 -0.721600
vn 0.652500 -0.001800 0.757800
vn 0.762100 -0.002200 0.647500
vn 0.915000 -0.010900 -0.403300
vn 0.749800 0.021000 -0.661300
vn 0.525500 -0.016900 -0.850600
vn 0.216500 0.007200 -0.976300
vn -0.777800 -0.009500 0.628400
vn -0.667400 -0.008200 0.744700
vn -0.751000 -0.011700 -0.660300
vn -0.709500 -0.008400 -0.704700
vn -0.511300 0.849200 -0.132200
vn -0.497000 0.857800 -0.130900
vn 0.014800 0.998800 -0.046100
vn 0.015700 0.998800 -0.045900
vn -0.355300 -0.005600 -0.934700
vn -0.314300 0.012100 -0.949300
vn -0.853700 0.010300 -0.520700
vn 0.169000 0.890900 0.421500
vn 0.165300 0.889400 0.426200
vn -0.323000 0.800700 0.504500
vn -0.338800 0.805200 0.486800
vn -0.125400 0.976400 0.175600
vn -0.111700 0.978600 0.173000
vn 0.554200 0.818400 0.151800
vn 0.446300 0.887000 0.118200
vn 0.262100 0.874500 -0.408100
vn 0.316500 0.901900 0.293900
vn 0.315200 0.901900 0.295200
vn 0.213300 0.883000 -0.418100
vn 0.648600 0.752300 0.115800
vn 0.569200 0.814400 -0.112800
vn 0.481200 0.851700 -0.207500
vn 0.224000 0.836300 -0.500500
vn 0.096500 0.840500 -0.533200
vn -0.090900 0.775400 -0.624900
vn -0.277500 0.914200 0.295300
vn -0.271900 0.914100 0.300900
vn -0.235200 0.910600 -0.339800
vn -0.167700 0.906200 -0.388200
vn 0.000900 0.786300 -0.617900
vn -0.296600 0.852600 -0.430300
vn -0.330400 0.865300 -0.377000
vn 0.038900 0.778300 -0.626700
vn -0.670400 0.731900 0.122100
vn -0.684500 0.722000 0.100600
vn -0.705800 0.707100 -0.043200
vn -0.698500 0.714500 -0.039400
vn -0.588400 0.807300 -0.044800
vn -0.640600 0.749500 0.166800
vn -0.600000 0.799400 0.031500
vn -0.574300 0.765400 0.290200
vn -0.314400 0.802600 0.507000
vn -0.282000 0.808600 0.516300
vn -0.567100 0.779200 0.266800
vn -0.706800 0.705600 -0.051200
vn -0.703900 0.710000 0.020400
vn -0.473700 0.856600 0.204400
vn -0.430100 0.704000 -0.565100
vn -0.355100 0.694200 -0.626100
vn -0.522800 0.842500 0.130300
vn 0.340600 0.696700 -0.631400
vn 0.319500 0.692700 -0.646600
vn 0.147200 0.880600 -0.450300
vn 0.091800 0.886600 -0.453300
vn -0.176400 0.751200 -0.636000
vn -0.063700 0.709000 -0.702300
vn 0.559000 0.608800 -0.562900
vn 0.556500 0.608800 -0.565400
vn 0.650200 0.737200 0.183700
vn 0.725100 0.687900 0.031400
vn 0.784700 0.619300 0.026800
vn 0.803200 0.591500 -0.071200
vn 0.796900 0.592100 -0.119800
vn 0.797500 0.590800 -0.122400
vn 0.550900 0.725000 0.413400
vn 0.474600 0.757200 0.448700
vn 0.752600 0.635100 0.173800
vn 0.652700 0.693300 0.305600
vn 0.796100 0.597600 -0.095200
vn 0.793800 0.600800 -0.093900
vn 0.677900 0.614300 -0.403800
vn 0.493600 0.640000 -0.589000
vn 0.470000 0.644300 -0.603300
vn 0.666300 0.623800 -0.408600
vn 0.780800 0.597500 -0.182400
vn 0.781700 0.605900 -0.147800
vn 0.368700 0.657800 -0.656800
vn 0.350400 0.661300 -0.663200
vn 0.612000 0.685800 -0.393800
vn 0.547000 0.703800 0.453200
vn 0.601900 0.697500 0.388900
vn 0.666300 0.675300 -0.316200
vn -0.341200 0.831900 0.437600
vn -0.276800 0.824000 0.494300
vn -0.402000 0.824300 -0.398600
vn -0.380100 0.823500 -0.421200
vn -0.066500 0.713800 -0.697100
vn -0.072800 0.714400 -0.696000
vn -0.258400 0.729400 -0.633400
vn -0.335500 0.758800 -0.558300
vn -0.766400 -0.578900 -0.278300
vn -0.847000 -0.531500 -0.010100
vn -0.849600 -0.527300 0.008800
vn -0.813700 -0.552900 -0.179300
vn -0.502400 0.748900 -0.432100
vn -0.568900 0.776900 -0.269900
vn -0.608100 0.771100 -0.188800
vn -0.714700 -0.574100 -0.399500
vn -0.844300 -0.518900 0.133900
vn -0.815100 -0.527800 0.238900
vn -0.486700 -0.544900 0.682800
vn -0.579000 -0.553200 0.598900
vn -0.374400 -0.559700 0.739300
vn -0.397000 -0.558600 0.728300
vn -0.766900 -0.543300 0.341700
vn -0.737800 -0.527300 0.421500
vn -0.621400 -0.593600 0.511400
vn -0.610900 -0.594000 0.523500
vn -0.731400 -0.681100 -0.033600
vn -0.640200 -0.741600 -0.200700
vn -0.033200 -0.988500 -0.147900
vn -0.001400 -0.993000 -0.118000
vn -0.036600 -0.773400 0.632900
vn 0.112000 -0.836400 0.536600
vn 0.207400 -0.741800 0.637700
vn 0.199800 -0.757400 0.621700
vn 0.375900 -0.864900 0.332600
vn 0.365000 -0.855000 0.368400
vn -0.245900 -0.595900 0.764500
vn -0.074900 -0.646200 0.759500
vn -0.206600 -0.600500 0.772400
vn -0.017500 -0.645200 0.763800
vn 0.369300 -0.927000 0.066100
vn 0.358100 -0.933400 -0.023800
vn 0.008100 -0.938400 -0.345500
vn -0.089800 -0.902200 -0.421900
vn -0.101200 -0.907400 0.407900
vn -0.014900 -0.942400 0.334100
vn 0.258300 -0.920300 -0.293900
vn 0.215100 -0.891200 -0.399300
vn -0.028000 -0.812700 -0.582000
vn -0.022200 -0.788500 -0.614700
vn -0.252500 -0.699200 -0.668800
vn -0.300500 -0.685700 -0.662900
vn -0.716700 -0.647700 0.258500
vn -0.645200 -0.670200 0.366800
vn -0.708000 -0.651100 -0.273500
vn -0.648800 -0.664000 -0.371600
vn -0.972700 -0.004200 -0.231800
vn -0.999600 -0.000200 -0.028100
vn -0.999700 0.000200 -0.023700
vn -0.988200 0.003600 -0.153300
vn -0.429300 -0.642000 -0.635300
vn -0.522900 -0.615100 -0.590200
vn -0.582200 -0.619200 -0.526900
vn -0.769600 0.020600 -0.638200
vn -0.998400 -0.005800 0.055700
vn -0.999700 0.004000 0.024800
vn -0.839400 0.002200 0.543500
vn -0.878300 -0.011200 0.477900
vn -0.389900 -0.004400 0.920800
vn -0.471400 0.002100 0.881900
vn -0.983200 0.001700 0.182300
vn -0.768600 0.007600 0.639600
vn -0.879500 0.005400 -0.475900
vn -0.510200 0.003200 -0.860000
vn -0.733400 0.017200 0.679600
vn 0.673800 -0.000200 -0.738900
vn 0.762200 -0.000200 -0.647400
vn 0.611700 0.014800 0.791000
vn 0.892300 0.008200 0.451300
vn 0.382200 -0.022800 0.923800
vn 0.560000 0.012300 0.828400
vn 0.996000 0.004400 0.089700
vn 0.998700 -0.001800 0.050100
vn 0.995300 -0.003600 -0.096600
vn 0.995900 -0.004900 -0.090700
vn 0.917300 -0.017600 0.397700
vn 0.867400 0.006200 -0.497600
vn 0.655300 -0.004200 -0.755400
vn 0.596000 0.000200 0.803000
vn 0.834300 0.000300 0.551300
vn 0.893600 -0.014100 -0.448600
vn 0.919900 -0.002100 -0.392100
vn 0.466800 0.017000 -0.884200
vn 0.472400 -0.012300 -0.881300
vn -0.839400 -0.004600 0.543500
vn -0.603800 -0.003300 0.797100
vn -0.840800 -0.014500 -0.541200
vn -0.672700 0.003700 -0.739900
vn -0.367000 0.907100 -0.206200
vn -0.393800 0.898000 -0.196300
vn -0.372600 0.905900 -0.201200
vn -0.352100 0.917800 -0.183400
vn -0.502600 0.000300 -0.864500
vn -0.207400 0.828300 -0.520500
vn -0.318300 0.879200 -0.354600
vn 0.000900 0.783600 -0.621200
vn -0.098400 0.944400 0.313600
vn -0.003900 0.902300 0.431000
vn 0.253200 0.827200 0.501600
vn 0.251800 0.829900 0.497900
vn -0.403700 0.908700 -0.106500
vn -0.354100 0.932900 0.065500
vn -0.066000 0.993400 0.094000
vn -0.130500 0.805300 -0.578300
vn 0.037900 0.734600 -0.677400
vn -0.042400 0.992600 0.113600
vn 0.605800 0.601100 -0.521200
vn 0.641600 0.599000 -0.479000
vn 0.683400 0.699200 0.210200
vn 0.753000 0.654600 0.067500
vn 0.841100 0.531600 -0.099800
vn 0.842800 0.528800 -0.100500
vn 0.846300 0.523100 -0.100900
vn 0.842800 0.530400 -0.091200
vn 0.619700 0.669000 0.410300
vn 0.539700 0.699400 0.468600
vn 0.784800 0.591100 0.186200
vn 0.735200 0.626400 0.259100
vn 0.838400 0.543900 -0.034700
vn 0.729800 0.548400 -0.408200
vn 0.576300 0.589300 -0.566200
vn 0.566400 0.597600 -0.567500
vn 0.715500 0.562600 -0.414200
vn 0.831900 0.530200 -0.163500
vn 0.825600 0.521800 -0.214700
vn 0.687400 0.626200 -0.367800
vn 0.651800 0.641300 0.404800
vn 0.735900 0.617700 0.277500
vn 0.748100 0.611300 -0.258200
vn 0.474100 0.616400 -0.628700
vn -0.079100 0.925100 0.371400
vn 0.033400 0.885600 0.463300
vn -0.115600 0.922200 -0.369100
vn -0.017800 0.892000 -0.451600
vn 0.261200 0.683600 -0.681500
vn 0.132900 0.720700 -0.680400
vn 0.253600 0.688600 -0.679400
vn 0.941400 0.000800 -0.337200
vn 0.162700 0.838600 0.519900
vn 0.606800 0.771300 0.192300
vn 0.606700 0.771300 0.192300
vn 0.606200 0.771500 0.192800
vn -0.152300 0.853400 0.498500
vn -0.749100 0.660600 -0.050400
vn 0.369400 -0.614000 -0.697500
vn -0.097400 -0.588500 0.802600
vn 0.398900 -0.737000 0.545600
vn -0.710100 -0.013600 0.704000
vn -0.862200 -0.010500 -0.506500
vn 0.664600 0.737400 0.120400
vn -0.626800 -0.534000 0.567400
vn 0.833200 0.552800 0.012100
usemtl Material.003
s off
f 1//1 2//1 3//1
f 1//2 4//2 2//2
f 5//3 4//3 1//3
f 5//4 6//4 4//4
f 5//5 7//5 6//5
f 8//6 7//6 5//6
f 8//7 9//7 7//7
f 10//8 9//8 8//8
f 11//9 9//9 10//9
f 11//10 12//10 9//10
f 13//11 12//11 11//11
f 13//12 14//12 12//12
f 15//13 14//13 13//13
f 15//14 16//14 14//14
f 15//15 17//15 16//15
f 18//16 17//16 15//16
f 18//17 19//17 17//17
f 20//18 19//18 18//18
f 20//19 21//19 19//19
f 22//20 21//20 20//20
f 22//21 23//21 21//21
f 24//22 23//22 22//22
f 25//23 23//23 24//23
f 25//24 26//24 23//24
f 27//25 28//25 29//25
f 27//26 30//26 28//26
f 30//27 31//27 28//27
f 31//28 32//28 28//28
f 32//29 33//29 28//29
f 33//30 34//30 28//30
f 34//31 35//31 36//31
f 35//32 37//32 36//32
f 35//33 38//33 37//33
f 38//34 39//34 37//34
f 35//35 40//35 38//35
f 41//36 33//36 32//36
f 35//37 42//37 40//37
f 43//38 33//38 41//38
f 35//39 44//39 42//39
f 34//40 45//40 35//40
f 46//41 44//41 35//41
f 47//42 33//42 43//42
f 46//43 48//43 44//43
f 47//44 49//44 33//44
f 50//45 34//45 33//45
f 50//46 45//46 34//46
f 47//47 51//47 49//47
f 52//48 51//48 47//48
f 53//49 48//49 46//49
f 53//50 54//50 48//50
f 52//51 55//51 51//51
f 56//52 55//52 52//52
f 53//53 57//53 54//53
f 58//54 57//54 53//54
f 58//55 59//55 57//55
f 60//56 55//56 56//56
f 60//57 61//57 55//57
f 62//58 59//58 58//58
f 63//59 61//59 60//59
f 63//60 64//60 61//60
f 65//61 59//61 62//61
f 65//62 66//62 59//62
f 67//63 64//63 63//63
f 67//64 68//64 64//64
f 69//65 66//65 65//65
f 69//66 70//66 66//66
f 71//67 72//67 73//67
f 71//68 74//68 72//68
f 75//69 76//69 77//69
f 75//70 78//70 76//70
f 79//71 80//71 81//71
f 79//72 82//72 80//72
f 75//73 83//73 78//73
f 84//74 82//74 79//74
f 85//75 74//75 71//75
f 86//76 83//76 75//76
f 85//77 87//77 74//77
f 84//78 88//78 82//78
f 85//79 89//79 87//79
f 90//80 83//80 86//80
f 91//81 88//81 84//81
f 90//82 92//82 83//82
f 85//83 93//83 89//83
f 91//84 94//84 88//84
f 95//85 93//85 85//85
f 96//86 94//86 91//86
f 90//87 97//87 92//87
f 95//88 98//88 93//88
f 99//89 97//89 90//89
f 96//90 100//90 94//90
f 101//91 100//91 96//91
f 99//92 102//92 97//92
f 103//93 98//93 95//93
f 103//94 104//94 98//94
f 101//95 105//95 100//95
f 106//96 105//96 101//96
f 107//97 102//97 99//97
f 107//98 108//98 102//98
f 103//99 109//99 104//99
f 110//100 109//100 103//100
f 111//101 105//101 106//101
f 110//102 112//102 109//102
f 113//103 108//103 107//103
f 113//104 114//104 108//104
f 111//105 115//105 105//105
f 113//106 116//106 114//106
f 117//107 112//107 110//107
f 116//108 115//108 111//108
f 112//109 118//109 113//109
f 118//110 116//110 113//110
f 112//111 119//111 118//111
f 120//112 116//112 118//112
f 116//113 121//113 115//113
f 117//114 119//114 112//114
f 120//115 121//115 116//115
f 120//116 122//116 121//116
f 123//117 124//117 125//117
f 126//118 124//118 123//118
f 126//119 127//119 124//119
f 128//120 127//120 126//120
f 128//121 129//121 127//121
f 130//122 129//122 128//122
f 130//123 131//123 129//123
f 132//124 131//124 130//124
f 132//125 133//125 131//125
f 134//126 133//126 132//126
f 134//127 135//127 133//127
f 134//128 136//128 135//128
f 137//129 136//129 134//129
f 138//130 136//130 137//130
f 138//131 139//131 136//131
f 140//132 139//132 138//132
f 140//133 141//133 139//133
f 140//134 142//134 141//134
f 143//135 142//135 140//135
f 144//136 142//136 143//136
f 144//137 145//137 142//137
f 144//138 146//138 145//138
f 147//139 146//139 144//139
f 148//140 149//140 150//140
f 151//141 149//141 148//141
f 152//142 151//142 148//142
f 153//143 152//143 148//143
f 154//144 153//144 148//144
f 155//145 154//145 156//145
f 157//146 155//146 156//146
f 158//147 155//147 157//147
f 159//148 158//148 157//148
f 160//149 155//149 158//149
f 161//150 155//150 160//150
f 153//151 162//151 152//151
f 153//152 163//152 162//152
f 164//153 155//153 161//153
f 165//154 154//154 155//154
f 164//155 166//155 155//155
f 153//156 167//156 163//156
f 168//157 166//157 164//157
f 169//158 167//158 153//158
f 154//159 170//159 153//159
f 165//160 170//160 154//160
f 171//161 167//161 169//161
f 168//162 172//162 166//162
f 171//163 173//163 167//163
f 174//164 173//164 171//164
f 175//165 172//165 168//165
f 174//166 176//166 173//166
f 175//167 177//167 172//167
f 178//168 176//168 174//168
f 179//169 177//169 175//169
f 180//170 176//170 178//170
f 180//171 181//171 176//171
f 182//172 177//172 179//172
f 182//173 183//173 177//173
f 180//174 184//174 181//174
f 185//175 184//175 180//175
f 186//176 183//176 182//176
f 186//177 187//177 183//177
f 185//178 188//178 184//178
f 189//179 188//179 185//179
f 186//180 190//180 187//180
f 191//181 190//181 186//181
f 192//182 193//182 194//182
f 195//183 193//183 192//183
f 196//184 197//184 198//184
f 199//185 197//185 196//185
f 200//186 201//186 202//186
f 203//187 201//187 200//187
f 195//188 204//188 193//188
f 205//189 197//189 199//189
f 205//190 206//190 197//190
f 207//191 204//191 195//191
f 203//192 208//192 201//192
f 209//193 208//193 203//193
f 207//194 210//194 204//194
f 211//195 210//195 207//195
f 205//196 212//196 206//196
f 209//197 213//197 208//197
f 214//198 212//198 205//198
f 215//199 213//199 209//199
f 211//200 216//200 210//200
f 214//201 217//201 212//201
f 218//202 216//202 211//202
f 219//203 213//203 215//203
f 219//204 220//204 213//204
f 221//205 217//205 214//205
f 218//206 222//206 216//206
f 223//207 222//207 218//207
f 221//208 224//208 217//208
f 225//209 220//209 219//209
f 225//210 226//210 220//210
f 227//211 224//211 221//211
f 228//212 222//212 223//212
f 225//213 229//213 226//213
f 227//214 230//214 224//214
f 231//215 230//215 227//215
f 228//216 232//216 222//216
f 233//217 232//217 228//217
f 231//218 234//218 230//218
f 225//219 235//219 229//219
f 236//220 234//220 231//220
f 237//221 235//221 225//221
f 238//222 234//222 236//222
f 233//223 239//223 232//223
f 237//224 238//224 235//224
f 240//225 233//225 234//225
f 238//226 240//226 234//226
f 241//227 233//227 240//227
f 238//228 242//228 240//228
f 243//229 238//229 237//229
f 244//230 238//230 243//230
f 245//231 238//231 244//231
f 241//232 239//232 233//232
f 245//233 242//233 238//233
s 1
f 248//234 247//235 250//236 251//237
f 261//238 265//239 266//240 267//241
f 252//242 253//243 251//237
f 254//244 256//245 255//246
f 256//245 258//247 257//248
f 258//247 260//249 259//250
f 260//249 262//251 261//238
f 249//252 246//253 247//235 248//234
f 262//251 263//254 261//238
f 263//254 264//255 261//238
f 264//255 265//239 261//238
f 267//241 266//240 268//256 269//256
f 269//256 268//256 270//257 271//258
f 270//257 272//259 273//260 271//258
f 274//261 275//262 276//263 273//260
f 275//262 277//264 278//265 276//263
f 278//265 277//264 279//266 280//267
f 279//266 281//268 282//269 280//267
f 281//268 283//270 284//271 282//269
f 290//272 292//273 293//274 291//275
f 285//276 286//277 284//271
f 285//276 287//278 286//277
f 288//279 289//280 287//278
f 290//272 291//275 289//280
f 293//274 292//273 294//281 295//282
f 295//282 294//281 296//283 297//284
f 298//285 299//286 300//287 297//284
f 305//288 307//289 308//290 306//291
f 299//286 301//292 300//287
f 299//286 302//293 301//292
f 299//286 304//294 303//295
f 304//294 305//288 303//295
f 308//290 307//289 309//296 310//297
f 309//296 311//298 312//299 310//297
f 314//300 315//301 316//302 313//303
f 311//298 313//303 312//299
f 315//301 317//304 318//305 316//302
f 320//306 321//307 322//308 319//309
f 317//304 319//309 318//305
f 322//308 321//307 323//310 324//311
f 324//311 323//310 325//312 326//313
f 325//312 327//314 328//315 326//313
f 330//316 331//317 332//318 329//319
f 327//314 329//319 328//315
f 333//320 331//317 334//321 335//322
f 337//323 338//324 339//325 336//326
f 334//321 337//323 336//326
f 339//325 338//324 340//327 341//328
f 347//329 246//253 249//252 348//330
f 340//327 342//331 341//328
f 343//332 344//333 342//331
f 345//334 346//335 344//333
f 347//329 348//330 346//335
f 352//336 349//337 350//338 351//339
f 351//339 350//338 353//340 354//341
f 353//340 355//342 356//343 354//341
f 361//344 360//345 362//346 363//347
f 355//342 357//348 356//343
f 357//348 359//349 358//350
f 359//349 360//345 358//350
f 366//351 368//352 369//353 367//354
f 362//346 364//355 363//347
f 366//351 367//354 365//356
f 368//352 370//357 371//358 369//353
f 370//357 372//359 373//360 371//358
f 372//359 374//361 375//362 373//360
f 374//361 376//363 377//364 375//362
f 379//365 380//366 381//367 378//368
f 376//363 378//368 377//364
f 380//366 382//369 383//370 381//367
f 383//370 382//369 384//371 385//372
f 385//372 384//371 386//373 387//374
f 391//375 390//376 392//377 393//378
f 388//379 389//380 387//374
f 388//379 390//376 389//380
f 392//377 394//381 395//382 393//378
f 394//381 396//383 397//384 395//382
f 396//383 398//385 399//386 397//384
f 400//387 402//388 403//389 401//390
f 400//387 401//390 399//386
f 403//389 402//388 404//391 405//392
f 405//392 404//391 406//393 407//394
f 414//395 415//396 416//397 417//398
f 408//399 409//400 407//394
f 410//401 411//402 409//400
f 410//401 412//403 411//402
f 412//403 415//396 414//395
f 416//397 418//404 419//405 417//398
f 426//406 349//337 352//336 425//407
f 420//408 421//409 419//405
f 422//410 423//411 421//409
f 424//412 425//407 423//411
f 430//413 427//414 428//415 429//416
f 429//416 428//415 431//417 432//418
f 439//419 440//420 441//421 442//422
f 434//423 436//424 435//425
f 436//424 438//426 437//427
f 438//426 440//420 439//419
f 442//422 443//428 444//429 445//430
f 441//421 443//428 442//422
f 449//431 444//429 450//432 451//432
f 451//432 450//432 452//433 453//433
f 453//433 452//433 454//434 455//434
f 454//434 456//435 457//435 455//434
f 456//435 458//436 459//437 457//435
f 458//436 460//438 461//439 459//437
f 461//439 460//438 462//440 463//441
f 462//440 464//442 465//443 463//441
f 464//442 466//444 467//445 465//443
f 466//444 468//446 469//447 467//445
f 468//446 470//448 471//449 469//447
f 476//450 478//451 479//452 477//453
f 472//454 473//455 471//449
f 474//456 475//457 473//455
f 476//450 477//453 475//457
f 479//452 478//451 480//458 481//459
f 481//459 480//458 482//460 483//461
f 490//462 489//463 491//464 492//465
f 482//460 484//466 483//461
f 486//467 487//468 484//466
f 486//467 488//469 487//468
f 488//469 489//463 487//468
f 491//464 493//470 494//471 492//465
f 493//470 495//472 496//473 494//471
f 495//472 497//474 498//475 496//473
f 497//474 499//476 500//477 498//475
f 499//476 501//478 502//479 500//477
f 503//480 505//481 506//482 504//483
f 503//480 504//483 502//479
f 506//482 505//481 507//484 508//485
f 508//485 507//484 509//486 510//487
f 515//488 516//489 517//490 518//491
f 512//492 513//493 511//494
f 514//495 515//488 513//493
f 514//495 516//489 515//488
f 522//496 521//497 523//498 524//499
f 517//490 520//500 519//501
f 520//500 521//497 519//501
f 523//498 525//502 526//503 524//499
f 525//502 527//504 528//505 526//503
f 536//506 427//414 430//413 537//507
f 529//508 530//509 528//505
f 532//510 533//511 530//509
f 534//512 535//513 533//511
f 536//506 537//507 535//513
f 538//514 539//515 540//516 625//517
f 540//516 539//515 541//518 542//519
f 543//520 544//521 545//522 542//519
f 545//522 544//521 546//523 547//524
f 546//523 548//525 549//526 547//524
f 548//525 550//527 551//528 549//526
f 555//529 556//530 557//531 558//532
f 550//527 553//533 552//534
f 553//533 556//530 555//529
f 558//532 557//531 559//535 560//536
f 559//535 561//537 562//538 560//536
f 571//539 572//540 573//541 574//542
f 563//543 564//544 562//538
f 563//543 565//545 564//544
f 566//546 567//547 565//545
f 566//546 568//548 567//547
f 568//548 570//549 569//550
f 570//549 572//540 571//539
f 583//551 584//552 585//553 582//554
f 573//541 575//555 574//542
f 576//556 577//557 575//555
f 578//558 579//559 577//557
f 580//560 581//561 579//559
f 580//560 582//554 581//561
f 580//560 583//551 582//554
f 584//552 586//562 587//563 585//553
f 586//562 588//564 589//565 587//563
f 589//565 588//564 590//566 591//567
f 590//566 592//568 593//569 591//567
f 593//569 592//568 594//570 595//571
f 602//572 603//573 604//574 605//575
f 594//570 596//576 595//571
f 596//576 599//577 598//578
f 599//577 600//579 598//578
f 600//579 603//573 602//572
f 604//574 606//580 607//581 605//575
f 609//582 611//583 612//584 610//585
f 606//580 608//586 607//581
f 609//582 610//585 608//586
f 612//584 611//583 613//587 614//588
f 614//588 613//587 615//589 616//590
f 615//589 617//591 618//592 616//590
f 617//591 619//593 620//594 618//592
f 697//595 626//596 627//597 628//598
f 619//593 621//599 620//594
f 622//600 623//601 621//599
f 624//602 625//517 623//601
f 627//597 626//596 629//603 630//604
f 629//603 631//605 632//606 630//604
f 632//606 631//605 633//607 634//608
f 633//607 635//609 636//610 634//608
f 635//609 637//611 638//612 636//610
f 642//613 644//614 645//615 643//616
f 639//617 641//618 640//619
f 641//618 642//613 640//619
f 645//615 644//614 646//620 647//621
f 647//621 646//620 648//622 649//623
f 651//624 652//625 653//626 650//627
f 648//622 650//627 649//623
f 655//628 656//629 657//630 658//631
f 652//625 654//632 653//626
f 654//632 656//629 655//628
f 661//633 663//634 664//635 662//636
f 657//630 659//637 658//631
f 661//633 662//636 659//637
f 664//635 663//634 665//638 666//639
f 666//639 665//638 667//640 668//641
f 667//640 669//642 670//643 668//641
f 669//642 671//644 672//645 670//643
f 672//645 671//644 673//646 674//647
f 678//648 677//649 679//650 680//651
f 673//646 675//652 674//647
f 675//652 677//649 676//653
f 686//654 685//655 687//656 688//657
f 681//658 682//659 680//651
f 683//660 684//661 682//659
f 685//655 686//654 684//661
f 688//657 687//656 689//662 690//663
f 689//662 691//664 692//665 690//663
f 787//666 788//667 698//668 699//669
f 693//670 694//671 692//665
f 693//670 695//672 694//671
f 697//595 628//598 695//672
f 698//668 700//673 701//674 699//669
f 700//673 702//675 703//676 701//674
f 703//676 702//675 704//677 705//678
f 704//677 706//679 707//680 705//678
f 716//681 717//682 718//683 715//684
f 706//679 708//685 707//680
f 710//686 711//687 708//685
f 712//688 713//689 711//687
f 712//688 714//690 713//689
f 714//690 716//681 715//684
f 718//683 717//682 719//691 720//692
f 720//692 719//691 721//693 722//694
f 724//695 725//696 726//697 723//698
f 730//699 731//700 732//701 733//702
f 725//696 727//703 726//697
f 727//703 729//704 728//705
f 729//704 731//700 730//699
f 737//706 738//707 739//708 736//709
f 732//701 734//710 733//702
f 735//711 736//709 734//710
f 740//712 742//713 743//714 741//715
f 740//712 741//715 739//708
f 743//714 742//713 744//716 745//717
f 745//717 744//716 746//718 747//719
f 746//718 748//720 749//721 747//719
f 748//720 750//722 751//723 749//721
f 751//723 750//722 752//724 753//725
f 758//726 759//727 760//728 761//729
f 752//724 755//730 754//731
f 755//730 757//732 756//733
f 757//732 759//727 758//726
f 761//729 760//728 762//734 763//735
f 767//736 768//737 769//738 766//739
f 762//734 765//740 764//741
f 765//740 766//739 764//741
f 768//737 770//742 771//743 769//738
f 772//744 774//745 775//746 773//747
f 772//744 773//747 771//743
f 775//746 774//745 776//748 777//749
f 777//749 776//748 778//750 779//751
f 779//751 778//750 780//752 781//753
f 780//752 782//754 783//755 781//753
f 789//756 792//757 793//758 791//759
f 784//760 785//761 783//755
f 786//762 787//666 785//761
f 789//756 791//759 790//763
f 792//757 794//764 795//765 793//758
f 800//766 798//767 801//768 802//769
f 796//770 797//771 795//765
f 802//769 801//768 803//772 804//773
f 803//772 805//774 806//775 804//773
f 805//774 807//776 808//777 806//775
f 808//777 807//776 809//778 810//779
f 816//780 815//781 817//782 818//783
f 809//778 811//784 810//779
f 811//784 813//785 812//786
f 813//785 815//781 814//787
f 818//783 817//782 819//788 820//789
f 827//790 828//791 829//792 830//793
f 821//794 822//795 820//789
f 823//796 824//797 822//795
f 823//796 825//798 824//797
f 826//799 827//790 825//798
f 830//793 829//792 831//800 832//801
f 831//800 833//802 834//803 832//801
f 838//804 840//805 841//806 839//807
f 835//808 836//809 834//803
f 837//810 790//763 836//809
f 838//804 839//807 877//811
f 840//805 842//812 843//813 841//806
f 846//814 845//815 847//816 848//817
f 842//812 844//818 843//813
f 845//815 846//814 844//818
f 849//819 851//820 852//821 850//822
f 847//816 849//819 848//817
f 851//820 853//823 854//824 852//821
f 854//824 853//823 855//825 856//826
f 856//826 855//825 857//827 858//828
f 860//829 861//830 862//831 863//832
f 857//827 859//833 858//828
f 859//833 861//830 860//829
f 868//834 869//835 870//836 871//837
f 864//838 865//839 863//832
f 864//838 866//840 865//839
f 867//841 868//834 866//840
f 871//837 870//836 872//842 873//843
f 872//842 874//844 875//845 873//843
f 881//846 883//847 884//848 882//849
f 876//850 877//811 875//845
f 878//851 880//852 879//853
f 881//846 882//849 880//852
f 887//854 888//855 889//856 890//857
f 883//847 885//858 884//848
f 886//859 887//854 885//858
f 886//859 888//855 887//854
f 891//860 893//861 894//862 892//863
f 889//856 891//860 890//857
f 893//861 895//864 896//865 894//862
f 896//865 895//864 897//866 898//867
f 905//868 906//869 907//870 908//871
f 897//866 900//872 899//873
f 900//872 902//874 901//875
f 902//874 903//876 901//875
f 903//876 906//869 905//868
f 912//877 913//878 914//879 911//880
f 907//870 909//881 908//871
f 910//882 911//880 909//881
f 916//883 918//884 919//885 917//886
f 913//878 915//887 914//879
f 916//883 917//886 915//887
f 919//885 918//884 920//888 921//889
f 921//889 920//888 922//890 923//891
f 925//892 926//893 879//853 924//894
f 922//890 924//894 923//891
f 250//236 252//242 251//237
f 252//242 254//244 253//243
f 253//243 254//244 255//246
f 255//246 256//245 257//248
f 257//248 258//247 259//250
f 259//250 260//249 261//238
f 272//259 274//261 273//260
f 283//270 285//276 284//271
f 285//276 288//279 287//278
f 288//279 290//272 289//280
f 296//283 298//285 297//284
f 302//293 299//286 303//295
f 303//295 305//288 306//291
f 311//298 314//300 313//303
f 317//304 320//306 319//309
f 327//314 330//316 329//319
f 332//318 331//317 333//320
f 335//322 334//321 336//326
f 340//327 343//332 342//331
f 343//332 345//334 344//333
f 345//334 347//329 346//335
f 356//343 357//348 358//350
f 358//350 360//345 361//344
f 363//347 364//355 365//356
f 364//355 366//351 365//356
f 376//363 379//365 378//368
f 386//373 388//379 387//374
f 389//380 390//376 391//375
f 398//385 400//387 399//386
f 406//393 408//399 407//394
f 408//399 410//401 409//400
f 411//402 412//403 413//895
f 413//895 412//403 414//395
f 418//404 420//408 419//405
f 420//408 422//410 421//409
f 422//410 424//412 423//411
f 424//412 426//406 425//407
f 432//418 431//417 433//896
f 431//417 434//423 433//896
f 433//896 434//423 435//425
f 435//425 436//424 437//427
f 437//427 438//426 439//419
f 445//430 444//429 446//897
f 446//897 444//429 447//898
f 447//898 444//429 448//899
f 448//899 444//429 449//431
f 470//448 472//454 471//449
f 472//454 474//456 473//455
f 474//456 476//450 475//457
f 482//460 485//900 484//466
f 485//900 486//467 484//466
f 487//468 489//463 490//462
f 501//478 503//480 502//479
f 510//487 509//486 511//494
f 509//486 512//492 511//494
f 512//492 514//495 513//493
f 518//491 517//490 519//501
f 519//501 521//497 522//496
f 527//504 529//508 528//505
f 529//508 531//901 530//509
f 531//901 532//510 530//509
f 532//510 534//512 533//511
f 534//512 536//506 535//513
f 541//518 543//520 542//519
f 551//528 550//527 552//534
f 552//534 553//533 554//902
f 554//902 553//533 555//529
f 561//537 563//543 562//538
f 563//543 566//546 565//545
f 567//547 568//548 569//550
f 569//550 570//549 571//539
f 573//541 576//556 575//555
f 576//556 578//558 577//557
f 578//558 580//560 579//559
f 595//571 596//576 597//903
f 597//903 596//576 598//578
f 598//578 600//579 601//904
f 601//904 600//579 602//572
f 606//580 609//582 608//586
f 619//593 622//600 621//599
f 622//600 624//602 623//601
f 624//602 538//514 625//517
f 637//611 639//617 638//612
f 638//612 639//617 640//619
f 640//619 642//613 643//616
f 648//622 651//624 650//627
f 653//626 654//632 655//628
f 657//630 660//905 659//637
f 660//905 661//633 659//637
f 674//647 675//652 676//653
f 676//653 677//649 678//648
f 679//650 681//658 680//651
f 681//658 683//660 682//659
f 683//660 685//655 684//661
f 691//664 693//670 692//665
f 693//670 696//906 695//672
f 696//906 697//595 695//672
f 706//679 709//907 708//685
f 709//907 710//686 708//685
f 710//686 712//688 711//687
f 713//689 714//690 715//684
f 722//694 721//693 723//698
f 721//693 724//695 723//698
f 726//697 727//703 728//705
f 728//705 729//704 730//699
f 732//701 735//711 734//710
f 735//711 737//706 736//709
f 738//707 740//712 739//708
f 753//725 752//724 754//731
f 754//731 755//730 756//733
f 756//733 757//732 758//726
f 763//735 762//734 764//741
f 765//740 767//736 766//739
f 770//742 772//744 771//743
f 782//754 784//760 783//755
f 784//760 786//762 785//761
f 786//762 788//667 787//666
f 794//764 796//770 795//765
f 796//770 798//767 797//771
f 797//771 798//767 799//908
f 799//908 798//767 800//766
f 810//779 811//784 812//786
f 812//786 813//785 814//787
f 814//787 815//781 816//780
f 819//788 821//794 820//789
f 821//794 823//796 822//795
f 823//796 826//799 825//798
f 826//799 828//791 827//790
f 833//802 835//808 834//803
f 835//808 837//810 836//809
f 837//810 789//756 790//763
f 876//850 838//804 877//811
f 842//812 845//815 844//818
f 848//817 849//819 850//822
f 858//828 859//833 860//829
f 862//831 864//838 863//832
f 864//838 867//841 866//840
f 867//841 869//835 868//834
f 874//844 876//850 875//845
f 878//851 881//846 880//852
f 883//847 886//859 885//858
f 890//857 891//860 892//863
f 898//867 897//866 899//873
f 899//873 900//872 901//875
f 901//875 903//876 904//909
f 904//909 903//876 905//868
f 907//870 910//882 909//881
f 910//882 912//877 911//880
f 913//878 916//883 915//887
f 922//890 925//892 924//894
f 926//893 878//851 879//853
