# Blender v2.72 (sub 0) OBJ File: 'Wolf.blend'
# www.blender.org
o Cylinder
v 0.532531 0.149121 -2.435517
v 0.530425 0.551572 -2.468998
v 0.608941 0.166920 -2.370780
v 0.607329 0.543844 -2.402518
v 0.609467 0.201926 -2.239417
v 0.608734 0.527902 -2.268023
v 0.533232 0.219453 -2.173861
v 0.533233 0.519685 -2.200000
v 0.415944 0.201821 -2.239092
v 0.415247 0.527286 -2.266082
v 0.415458 0.166426 -2.369220
v 0.413837 0.543226 -2.400570
v 0.529401 0.969851 -2.438054
v 0.662338 0.917394 -2.354643
v 0.664382 0.811638 -2.185164
v 0.533490 0.758338 -2.099095
v 0.388342 0.803596 -2.182380
v 0.378448 0.909035 -2.351780
v 0.530328 1.240507 -2.260165
v 0.685727 1.169293 -2.174639
v 0.687939 1.025880 -2.000476
v 0.534752 0.953679 -1.911840
v 0.359457 1.016025 -1.997163
v 0.346602 1.159009 -2.171218
v 0.490883 1.977838 -2.137670
v 0.722274 2.478088 -1.941872
v 0.780219 2.221898 -1.113002
v 0.550209 1.788526 -1.029737
v 0.242043 1.656300 -1.248856
v 0.237668 1.821574 -1.830860
v 0.548402 2.838595 -1.745816
v 0.567378 2.757707 -1.054962
v 0.290944 2.997644 -1.068344
v 0.358612 2.949779 -1.734903
v 0.167777 1.769883 -1.820164
v 0.149384 1.703263 -1.267550
v 0.236415 2.067423 -2.127053
v 0.307138 2.577400 -2.113767
v 0.730593 2.165563 -0.532987
v 0.500540 1.773811 -0.536444
v 0.276166 1.642507 -0.546606
v 0.568629 2.762473 -0.534452
v 0.310485 2.993371 -0.536413
v 0.105318 1.620747 -0.545326
v 0.679967 1.956603 0.287138
v 0.554691 1.689097 0.146770
v 0.269865 1.550121 0.172022
v 0.576761 2.715056 0.172404
v 0.337713 2.996049 0.139994
v 0.166031 1.540206 0.146448
v 0.532232 0.145702 0.834484
v 0.532627 0.531196 0.696778
v 0.609055 0.163378 0.899184
v 0.622173 0.524978 0.774464
v 0.609537 0.213611 1.038842
v 0.623805 0.512370 0.931665
v 0.533283 0.231171 1.104413
v 0.535878 0.505979 1.011190
v 0.415967 0.213578 1.039156
v 0.398497 0.512154 0.933987
v 0.415674 0.163254 0.900579
v 0.396866 0.524762 0.776786
v 0.544925 1.503827 0.671558
v 0.747102 2.025376 0.821650
v 0.710658 2.033078 1.108956
v 0.560955 1.733160 1.381368
v 0.314446 1.422263 1.272903
v 0.296889 1.436854 0.830339
v 0.165563 1.461902 0.812000
v 0.167214 1.457187 1.256509
v 0.592691 2.792053 0.709613
v 0.364904 3.102971 0.661705
v 0.521823 2.910334 1.042792
v 0.325793 3.291885 0.982602
v 0.610818 2.568192 1.497683
v 0.502780 1.967906 1.590307
v 0.341523 2.031082 1.638877
v 0.158977 2.080317 1.692445
v 0.449414 3.136820 1.350038
v 0.292000 3.446750 1.204681
v 0.500276 2.890397 1.714553
v 0.407447 2.712600 1.808075
v 0.261463 2.559052 1.827432
v 0.085060 2.421762 1.843544
v 0.442321 3.256626 1.497186
v 0.219641 3.543221 1.358944
v 0.483148 3.234171 1.888084
v 0.390243 3.105104 1.973614
v 0.276816 2.970675 2.028196
v 0.097616 2.890191 2.049928
v 0.463567 3.651265 1.715620
v 0.218513 3.990497 1.643942
v 0.187262 3.673809 2.467140
v 0.147568 3.588795 2.755074
v 0.266420 3.550081 2.400146
v 0.204354 3.486738 2.738822
v 0.187262 3.326639 2.415576
v 0.147568 3.331553 2.720697
v 0.117788 3.555409 2.857196
v 0.157803 3.473813 2.830266
v 0.113413 3.347424 2.776258
v 0.312125 3.770298 2.304898
v 0.397802 3.586505 2.264939
v 0.255226 3.328100 2.219394
v 0.480841 3.766550 1.983950
v 0.456525 3.445440 2.079862
v 0.289351 3.185612 2.091434
v 0.050606 3.713719 2.478007
v 0.050606 3.619064 2.759119
v 0.050606 3.279089 2.407567
v 0.050606 3.301284 2.716652
v 0.050606 3.591853 2.886150
v 0.050606 3.319103 2.764832
v 0.062925 3.523873 2.883528
v 0.159982 3.956357 2.348101
v 0.133667 3.239174 2.208197
v 0.265448 4.046612 2.060972
v 0.152562 3.144985 2.124839
v 0.239497 3.400088 2.429422
v 0.174443 3.395863 2.729291
v 0.140288 3.402816 2.803263
v 0.329188 3.410741 2.245245
v 0.385294 3.298211 2.053843
v 0.062212 3.402872 2.834470
v 0.510314 1.609162 -2.219302
v 0.291926 1.490273 -2.021385
v 0.302788 1.217984 -1.557425
v 0.547315 1.253356 -1.406115
v 0.770894 1.598698 -1.453328
v 0.703658 1.823713 -2.078751
v 0.536234 1.133042 0.689504
v 0.365272 1.073684 0.789201
v 0.373816 1.070679 1.056509
v 0.540900 1.100249 1.139287
v 0.651020 1.140839 0.982510
v 0.648978 1.141319 0.784424
v 0.679106 4.179715 1.885149
v 0.570664 4.316355 1.900472
v 0.666531 4.159807 1.924235
v 0.568984 4.296206 1.943463
v 0.528885 3.879183 1.929817
v 0.511892 3.785090 1.780746
v 0.299181 4.065248 1.711421
v 0.343933 4.120578 1.970579
v 0.587442 3.936510 1.813909
v 0.425537 4.192447 1.941149
v 0.597560 3.983480 1.909922
v 0.396093 4.164978 1.788140
v 0.058756 2.954774 -1.860544
v 0.054301 2.732678 -2.062162
v 0.086186 4.087268 -3.202683
v 0.086003 3.978426 -3.277308
v 0.168454 4.027096 -3.025605
v 0.250672 3.653785 -2.402321
v 0.146699 3.110243 -1.984215
v 0.163906 3.812516 -3.210148
v 0.254256 3.232638 -2.791922
v 0.148567 2.847814 -2.212831
v 0.673677 2.565068 -1.049230
v 0.648196 2.624933 -1.851682
v 0.333012 2.763603 -1.924355
v 0.673081 2.467551 -0.543021
v 0.680436 2.396904 0.163038
v 0.705383 2.451005 0.766762
v 0.648622 2.544311 1.074456
v 0.579159 2.820065 1.402673
v 0.470822 3.079570 1.603747
v 0.473221 3.442709 1.801879
v 0.212346 3.593151 2.451375
v 0.175961 3.537766 2.746948
v 0.137795 3.514611 2.843731
v 0.354963 3.678401 2.284919
v 0.494809 3.608626 1.992348
v 0.063730 3.547200 2.884587
v 0.092193 2.859697 -1.956124
v 0.125498 4.040703 -3.238280
v 0.180622 2.978446 -2.097241
v 0.318040 3.436620 -2.601457
v 0.210566 3.921006 -3.112901
v 0.095321 3.005795 -1.932623
v 0.094670 2.802486 -2.112566
v 0.123245 2.909412 -2.020161
v 0.533131 0.009539 -2.075312
v 0.609336 0.009539 -2.056435
v 0.609336 0.090306 -2.018680
v 0.533131 0.127396 -1.999803
v 0.415833 0.090306 -2.018680
v 0.415833 0.009539 -2.056435
v 0.415910 0.009504 -2.303815
v 0.533162 0.009543 -2.346086
v 0.415857 0.160660 -2.156041
v 0.533131 0.193151 -2.113917
v 0.609336 0.160663 -2.156056
v 0.609421 0.009576 -2.304043
v 0.527427 0.009539 -2.016789
v 0.571901 0.009539 -2.003027
v 0.571901 0.052658 -1.975505
v 0.527427 0.072672 -1.961743
v 0.458971 0.052658 -1.975505
v 0.458971 0.009539 -2.003027
v 0.533211 0.009544 1.166069
v 0.609524 0.009555 1.184888
v 0.609336 0.106784 1.240426
v 0.533131 0.143874 1.259303
v 0.415833 0.106784 1.240426
v 0.415833 0.009540 1.184950
v 0.415874 0.009523 0.937645
v 0.533018 0.009539 0.895247
v 0.415877 0.178505 1.105800
v 0.533145 0.210994 1.147913
v 0.609468 0.178518 1.105702
v 0.609479 0.009602 0.936851
v 0.527427 0.009540 1.258675
v 0.571901 0.009539 1.272436
v 0.571901 0.043236 1.299959
v 0.527427 0.063250 1.313720
v 0.458971 0.043237 1.299959
v 0.458971 0.009540 1.272436
v 0.198686 3.382014 -2.193268
v 0.201412 3.040226 -2.502376
v 0.249331 3.207533 -2.349349
v 0.209563 3.840441 -2.713963
v 0.209081 3.522577 -3.001035
v 0.264303 3.678813 -2.857179
v -0.532531 0.149086 -2.435409
v -0.530426 0.551509 -2.468802
v -0.608942 0.166869 -2.370622
v -0.607330 0.543781 -2.402322
v -0.609467 0.201913 -2.239382
v -0.608735 0.527839 -2.267828
v -0.533232 0.219447 -2.173847
v -0.533235 0.519623 -2.199809
v -0.415944 0.201811 -2.239063
v -0.415248 0.527224 -2.265887
v -0.415459 0.166376 -2.369065
v -0.413838 0.543163 -2.400373
v -0.529402 0.969788 -2.437858
v -0.662338 0.917331 -2.354447
v -0.664383 0.811575 -2.184968
v -0.533491 0.758275 -2.098899
v -0.388343 0.803533 -2.182184
v -0.378449 0.908972 -2.351583
v -0.530329 1.240445 -2.259969
v -0.685728 1.169231 -2.174442
v -0.687940 1.025817 -2.000280
v -0.534754 0.953617 -1.911644
v -0.359458 1.015962 -1.996967
v -0.346603 1.158946 -2.171021
v -0.490883 1.977778 -2.137482
v -0.722275 2.478031 -1.941691
v -0.780220 2.221872 -1.112920
v -0.550209 1.788526 -1.029737
v -0.242044 1.656258 -1.248725
v -0.237670 1.821513 -1.830668
v -0.000000 1.707901 -1.289077
v -0.000000 1.769469 -1.820213
v -0.000000 2.135316 -2.133747
v -0.548403 2.838553 -1.745686
v -0.567378 2.757696 -1.054928
v -0.000000 3.025184 -1.734731
v -0.000000 3.067891 -1.068053
v -0.290944 2.997643 -1.068343
v -0.358613 2.949764 -1.734854
v -0.167778 1.769827 -1.819987
v -0.149385 1.703229 -1.267444
v -0.236416 2.067374 -2.126895
v -0.307138 2.577384 -2.113714
v -0.000000 2.618712 -2.143011
v -0.730593 2.165563 -0.532984
v -0.500540 1.773810 -0.536435
v -0.276166 1.642506 -0.546595
v 0.000000 1.620024 -0.536050
v -0.568629 2.762473 -0.534452
v -0.000000 3.063698 -0.536414
v -0.310485 2.993370 -0.536413
v -0.105318 1.620746 -0.545314
v -0.679967 1.956599 0.287178
v -0.554691 1.689095 0.146784
v -0.269865 1.550116 0.172068
v -0.000000 1.539439 0.152828
v -0.576761 2.715054 0.172418
v -0.000000 3.071151 0.139994
v -0.337713 2.996049 0.139994
v -0.166032 1.540201 0.146495
v -0.532233 0.145685 0.834672
v -0.532628 0.531178 0.696980
v -0.609056 0.163362 0.899363
v -0.622174 0.524959 0.774666
v -0.609537 0.213608 1.038881
v -0.623806 0.512351 0.931867
v -0.533283 0.231170 1.104432
v -0.535879 0.505961 1.011387
v -0.415968 0.213576 1.039182
v -0.398499 0.512136 0.934189
v -0.415675 0.163245 0.900685
v -0.396867 0.524744 0.776988
v -0.544926 1.503809 0.671743
v -0.747103 2.025359 0.821831
v -0.710660 2.033060 1.109157
v -0.560956 1.733142 1.381569
v -0.314448 1.422244 1.273105
v -0.296890 1.436835 0.830541
v -0.000001 1.436375 1.229493
v -0.000000 1.461058 0.823813
v -0.165564 1.461884 0.812187
v -0.167215 1.457171 1.256685
v -0.592691 2.792049 0.709651
v -0.000000 3.161088 0.638921
v -0.364904 3.102971 0.661705
v -0.521823 2.910334 1.042796
v -0.000000 3.344280 0.974813
v -0.325793 3.291885 0.982602
v -0.610819 2.568181 1.497810
v -0.502782 1.967889 1.590493
v -0.341524 2.031067 1.639049
v -0.000000 2.078300 1.739020
v -0.158977 2.080321 1.692401
v -0.449414 3.136820 1.350038
v -0.000000 3.517182 1.209530
v -0.292000 3.446750 1.204681
v -0.500276 2.890397 1.714553
v -0.407447 2.712599 1.808087
v -0.261463 2.559052 1.827432
v -0.000000 2.372836 1.874798
v -0.085060 2.421762 1.843541
v -0.442321 3.256626 1.497186
v -0.000000 3.644938 1.298205
v -0.219641 3.543221 1.358945
v -0.483148 3.234171 1.888092
v -0.390243 3.105104 1.973614
v -0.276816 2.970675 2.028196
v 0.000000 2.850891 2.063106
v -0.097616 2.890191 2.049928
v -0.463567 3.651265 1.715620
v -0.000000 4.036139 1.611961
v -0.218513 3.990497 1.643942
v 0.000000 3.731321 2.492018
v 0.000000 3.642071 2.762193
v -0.187262 3.673809 2.467140
v -0.147568 3.588795 2.755074
v -0.266420 3.550081 2.400146
v -0.204354 3.486738 2.738822
v -0.187262 3.326639 2.415576
v -0.147568 3.331553 2.720697
v 0.000000 3.242948 2.401480
v 0.000000 3.278277 2.713578
v 0.000000 3.613379 2.894835
v -0.117788 3.555409 2.857196
v -0.157803 3.473813 2.830266
v -0.113413 3.347424 2.776258
v 0.000000 3.297578 2.756147
v 0.000000 3.522481 2.899073
v 0.000000 3.981802 2.361733
v -0.312125 3.770298 2.304898
v -0.397802 3.586505 2.264939
v -0.255226 3.328100 2.219394
v -0.000000 3.208987 2.200593
v -0.000000 4.131031 2.080425
v -0.480840 3.766550 1.983950
v -0.456525 3.445440 2.079862
v -0.289351 3.185612 2.091435
v -0.000000 3.117232 2.141055
v -0.050606 3.713719 2.478007
v -0.050606 3.619064 2.759119
v -0.050606 3.279089 2.407567
v -0.050606 3.301284 2.716652
v -0.050606 3.591853 2.886150
v -0.050606 3.319103 2.764832
v -0.062925 3.523873 2.883528
v -0.159982 3.956357 2.348101
v -0.133667 3.239174 2.208198
v -0.265448 4.046612 2.060972
v -0.152562 3.144985 2.124839
v -0.239497 3.400088 2.429422
v -0.174443 3.395863 2.729291
v -0.140288 3.402816 2.803263
v 0.000000 3.389740 2.843120
v -0.329188 3.410741 2.245245
v -0.385294 3.298211 2.053843
v -0.062212 3.402872 2.834470
v -0.510315 1.609099 -2.219106
v -0.291927 1.490210 -2.021188
v -0.302789 1.217922 -1.557228
v -0.547316 1.253294 -1.405923
v -0.770895 1.598639 -1.453140
v -0.703659 1.823650 -2.078555
v -0.536235 1.133023 0.689705
v -0.365273 1.073665 0.789402
v -0.373817 1.070661 1.056710
v -0.540901 1.100230 1.139489
v -0.651021 1.140820 0.982711
v -0.648979 1.141301 0.784625
v -0.679106 4.179715 1.885149
v -0.570664 4.316355 1.900472
v -0.666531 4.159807 1.924236
v -0.568984 4.296206 1.943464
v -0.528885 3.879183 1.929817
v -0.511892 3.785090 1.780746
v -0.299181 4.065248 1.711421
v -0.343933 4.120578 1.970579
v -0.587442 3.936510 1.813909
v -0.425537 4.192447 1.941149
v -0.597560 3.983480 1.909922
v -0.396093 4.164978 1.788141
v -0.000000 2.998170 -1.806737
v -0.058756 2.954774 -1.860544
v -0.054301 2.732678 -2.062162
v -0.000000 2.677131 -2.129234
v 0.000000 4.073683 -3.171168
v -0.086186 4.087268 -3.202683
v -0.086003 3.978426 -3.277308
v 0.000000 3.946324 -3.299203
v -0.168454 4.027096 -3.025605
v -0.250672 3.653785 -2.402321
v -0.146699 3.110243 -1.984215
v -0.163906 3.812516 -3.210148
v -0.254256 3.232638 -2.791922
v -0.148567 2.847814 -2.212831
v 0.000000 2.809756 -2.261937
v 0.000000 3.216036 -2.859110
v 0.000000 3.793854 -3.250454
v 0.000000 4.033400 -3.006630
v 0.000000 3.693666 -2.378945
v 0.000000 3.129985 -1.942866
v -0.673678 2.565051 -1.049176
v -0.648197 2.624880 -1.851514
v -0.333012 2.763589 -1.924309
v -0.673081 2.467551 -0.543021
v -0.680436 2.396902 0.163060
v -0.705384 2.450991 0.766909
v -0.648623 2.544296 1.074616
v -0.579159 2.820058 1.402746
v -0.470822 3.079570 1.603747
v -0.473221 3.442709 1.801879
v -0.212346 3.593151 2.451375
v -0.175961 3.537766 2.746948
v -0.137795 3.514611 2.843731
v 0.000000 3.567930 2.896954
v -0.354963 3.678401 2.284919
v -0.494809 3.608626 1.992348
v -0.063730 3.547200 2.884587
v -0.092193 2.859697 -1.956124
v -0.125498 4.040703 -3.238280
v 0.000000 4.045606 -3.264255
v -0.180622 2.978446 -2.097241
v -0.318040 3.436620 -2.601457
v -0.210566 3.921006 -3.112901
v -0.095321 3.005795 -1.932623
v -0.094670 2.802486 -2.112566
v 0.000000 3.030371 -1.894060
v 0.000000 2.764917 -2.159551
v -0.123245 2.909412 -2.020161
v -0.533131 0.009538 -2.075313
v -0.609336 0.009538 -2.056436
v -0.609336 0.090305 -2.018681
v -0.533131 0.127395 -1.999804
v -0.415833 0.090305 -2.018681
v -0.415833 0.009538 -2.056436
v -0.415910 0.009496 -2.303794
v -0.533163 0.009535 -2.346063
v -0.415857 0.160658 -2.156039
v -0.533131 0.193151 -2.113918
v -0.609336 0.160662 -2.156057
v -0.609421 0.009568 -2.304019
v -0.527427 0.009538 -2.016789
v -0.571901 0.009538 -2.003028
v -0.571901 0.052657 -1.975505
v -0.527427 0.072671 -1.961744
v -0.458971 0.052657 -1.975505
v -0.458971 0.009538 -2.003028
v -0.533212 0.009544 1.166076
v -0.609525 0.009554 1.184903
v -0.609336 0.106785 1.240426
v -0.533131 0.143874 1.259303
v -0.415833 0.106785 1.240426
v -0.415833 0.009540 1.184951
v -0.415875 0.009520 0.937683
v -0.533019 0.009529 0.895354
v -0.415877 0.178504 1.105806
v -0.533145 0.210994 1.147915
v -0.609469 0.178517 1.105718
v -0.609480 0.009590 0.936985
v -0.527427 0.009540 1.258675
v -0.571901 0.009540 1.272437
v -0.571901 0.043237 1.299959
v -0.527427 0.063251 1.313721
v -0.458971 0.043237 1.299959
v -0.458971 0.009540 1.272437
v -0.198686 3.382014 -2.193268
v -0.201412 3.040226 -2.502376
v 0.000000 3.012896 -2.560524
v 0.000000 3.411825 -2.160906
v -0.249331 3.207533 -2.349349
v -0.209563 3.840441 -2.713963
v -0.209081 3.522577 -3.001035
v 0.000000 3.504945 -3.054782
v 0.000000 3.863533 -2.692788
v -0.264303 3.678813 -2.857179
vn -0.802700 0.193000 -0.564200
vn -0.993200 -0.109000 -0.040700
vn -0.390200 -0.528200 0.754100
vn 0.685300 -0.356900 0.634800
vn 0.997200 -0.012900 -0.073700
vn 0.305500 0.221200 -0.926100
vn -0.014300 -0.993200 -0.115100
vn 0.601200 -0.793800 0.091800
vn 0.910200 0.413500 0.023400
vn 0.205300 0.976700 -0.062600
vn 0.505000 0.863100 -0.010700
vn -0.429000 -0.895000 -0.122200
vn -0.177200 -0.686500 -0.705200
vn 0.122600 0.227800 -0.966000
vn 0.096400 0.012600 -0.995300
vn 0.077700 0.332000 -0.940100
vn 0.422500 0.616800 -0.664100
vn 0.220900 0.975300 0.007700
vn 0.666600 0.745100 -0.018500
vn 0.942600 0.334000 -0.005300
vn 0.862000 -0.506400 0.024600
vn 0.217100 0.976100 -0.010800
vn 0.763100 0.645400 -0.033300
vn 0.950800 0.309600 0.009800
vn 0.860100 -0.504400 -0.075400
vn 0.165500 0.970600 -0.175000
vn 0.760300 0.627400 -0.168200
vn 0.994600 0.091100 -0.049300
vn 0.167300 0.865500 -0.472100
vn 0.801900 0.552400 -0.227500
vn 0.941800 0.325400 0.084800
vn 0.945200 0.325900 -0.017500
vn 0.142200 0.797000 -0.587100
vn 0.887600 0.430000 -0.164800
vn 0.916700 -0.108300 0.384500
vn 0.913500 0.336000 -0.229500
vn 0.123000 0.565900 -0.815300
vn 0.867000 0.487900 0.101500
vn 0.301100 -0.279900 0.911600
vn 0.268300 -0.340700 0.901100
vn 0.186500 -0.253700 0.949100
vn 0.843200 -0.069500 0.533100
vn 0.982000 0.048200 -0.182600
vn 0.451100 0.558400 -0.696200
vn 0.772700 0.342500 -0.534500
vn 0.397200 -0.414200 0.818900
vn 0.497400 -0.360900 0.788900
vn 0.455600 -0.328900 0.827200
vn 0.857200 -0.197400 0.475600
vn 0.238700 0.045200 0.970100
vn 0.708900 0.053500 0.703300
vn 0.262700 0.726900 0.634500
vn 0.902100 0.429500 -0.041100
vn 0.755000 0.526600 0.390700
vn 0.353000 0.313000 0.881700
vn 0.176200 0.918700 0.353500
vn 0.284800 0.939500 -0.190300
vn 0.253000 -0.322700 0.912000
vn 0.315200 -0.329600 0.889900
vn 0.997300 0.016700 -0.071400
vn 0.920300 -0.377300 0.103900
vn 0.398600 -0.343100 0.850500
vn 0.660600 -0.273500 0.699100
vn 0.799000 0.531900 0.280500
vn -0.585400 0.810100 -0.032800
vn 0.384800 0.221200 -0.896100
vn 0.904700 -0.399100 0.148800
vn -0.696700 0.717100 -0.018100
vn 0.515700 0.196300 -0.834000
vn 0.874300 -0.466000 0.135800
vn -0.669000 0.742000 -0.042900
vn 0.499200 0.168700 -0.849900
vn 0.203600 0.590900 -0.780600
vn 0.209200 0.860100 -0.465200
vn 0.490300 -0.798300 -0.349600
vn 0.855400 -0.450100 0.256300
vn 0.415400 0.230300 0.880000
vn 0.894100 0.447900 0.005000
vn 0.424200 0.616600 -0.663200
vn 0.981400 0.188200 0.037400
vn 0.999900 -0.004100 -0.010800
vn 0.950700 0.303000 -0.066400
vn 0.982500 0.115200 0.146300
vn 0.986600 0.126600 0.102400
vn 0.947800 0.209700 0.240100
vn 0.987400 0.070800 -0.141600
vn 0.204600 0.045600 0.977800
vn 0.701000 0.176500 0.691000
vn 0.878500 0.335600 0.339900
vn 0.993600 0.000500 -0.113100
vn 0.365300 0.720700 -0.589100
vn 0.860500 -0.185400 0.474500
vn 0.513700 -0.280100 -0.811000
vn 0.902000 -0.393900 0.176900
vn 0.754100 0.291200 0.588700
vn 0.917800 -0.070000 0.390700
vn 0.802800 0.193000 -0.564200
vn 0.989200 -0.142900 -0.033200
vn 0.293800 -0.577000 0.762000
vn -0.811200 -0.339200 0.476300
vn -0.997200 -0.012900 -0.073700
vn -0.305500 0.221100 -0.926100
vn 0.014400 -0.993200 -0.115100
vn -0.601100 -0.793900 0.091800
vn -0.910200 0.413500 0.023400
vn -0.205400 0.976700 -0.062600
vn -0.505100 0.863000 -0.010700
vn 0.429000 -0.895000 -0.122200
vn -0.002400 -0.650700 -0.759300
vn -0.244700 0.640100 -0.728200
vn -0.096600 0.012300 -0.995200
vn -0.077800 0.332000 -0.940100
vn -0.422800 0.616700 -0.664000
vn -0.220900 0.975300 0.007700
vn -0.666600 0.745100 -0.018500
vn -0.942600 0.334000 -0.005300
vn -0.862000 -0.506400 0.024600
vn -0.217100 0.976100 -0.010800
vn -0.763100 0.645400 -0.033300
vn -0.950800 0.309600 0.009800
vn -0.921700 -0.369300 -0.118800
vn -0.165500 0.970600 -0.175000
vn -0.809800 0.576900 -0.106700
vn -0.992100 -0.034900 -0.120100
vn -0.150000 0.859900 -0.487900
vn -0.887500 0.460000 0.025500
vn -0.940400 0.332100 0.072800
vn -0.926200 0.361400 -0.107700
vn -0.188500 0.818800 -0.542300
vn -0.904700 0.415700 -0.093300
vn -0.920000 -0.107400 0.376900
vn -0.949400 0.259300 0.176900
vn -0.468000 0.831200 -0.300300
vn -0.814800 0.468200 -0.341900
vn -0.300900 -0.279700 0.911700
vn -0.498200 -0.363000 0.787400
vn -0.387700 -0.257100 0.885200
vn -0.780400 -0.081300 0.620000
vn -0.998200 0.023400 -0.055000
vn -0.229400 0.523400 -0.820600
vn -0.661100 0.335800 -0.671000
vn -0.282700 -0.393100 0.875000
vn -0.263500 -0.353500 0.897500
vn -0.699800 -0.334100 0.631400
vn -0.800600 -0.202700 0.563800
vn -0.238600 0.045200 0.970100
vn -0.701000 0.176500 0.691000
vn -0.505100 0.219200 0.834700
vn -0.903700 0.017400 0.427800
vn -0.768700 0.472700 0.430900
vn -0.147400 0.456400 0.877500
vn -0.300700 0.842500 0.446900
vn -0.223600 0.962300 -0.154700
vn -0.151300 -0.277600 0.948700
vn -0.315200 -0.329600 0.889900
vn -0.980900 0.077300 -0.178500
vn -0.920300 -0.377300 0.103900
vn -0.398600 -0.343100 0.850500
vn -0.599500 -0.257900 0.757700
vn -0.799000 0.531900 0.280500
vn 0.724000 0.635100 0.269300
vn -0.148700 0.226000 -0.962700
vn -0.904700 -0.399100 0.148800
vn 0.657500 0.752000 -0.047000
vn -0.536500 0.204700 -0.818700
vn -0.874300 -0.466000 0.135800
vn 0.722900 0.690800 0.015100
vn -0.239900 0.092000 -0.966400
vn -0.203800 0.590900 -0.780600
vn -0.209300 0.860100 -0.465100
vn -0.315700 -0.916700 -0.244700
vn -0.863900 -0.435700 0.252800
vn -0.298100 0.420000 0.857200
vn -0.894100 0.447900 0.005000
vn -0.424500 0.616500 -0.663200
vn -0.981400 0.188200 0.037400
vn -0.999900 -0.004100 -0.010800
vn -0.950700 0.303000 -0.066400
vn -0.984400 0.127700 0.121400
vn -0.988000 0.144800 0.054500
vn -0.961700 0.233600 0.143200
vn -0.998800 0.048500 0.002400
vn -0.204600 0.045600 0.977800
vn -0.881000 0.102500 0.461900
vn -0.965600 -0.097200 0.241100
vn -0.365500 0.720700 -0.589100
vn -0.860500 -0.185400 0.474500
vn -0.513700 -0.280100 -0.811000
vn -0.902000 -0.393900 0.176900
vn -0.356700 0.876500 0.323200
vn -0.913300 -0.095100 0.396000
vn -0.701500 0.118600 -0.702800
vn -0.989200 -0.142900 -0.033200
vn -0.294100 -0.577100 0.761900
vn 0.811400 -0.339200 0.476000
vn 0.994900 0.036400 -0.093900
vn 0.448300 0.170800 -0.877400
vn 0.002500 -0.992800 -0.119600
vn -0.262600 -0.662800 -0.701300
vn 0.875400 0.483300 0.008300
vn 0.234400 0.971100 -0.045900
vn 0.651900 0.755000 0.070500
vn 0.555400 -0.798800 -0.231000
vn 0.001800 -0.650700 -0.759300
vn 0.244600 0.640200 -0.728200
vn 0.022800 -0.019200 -0.999600
vn 0.376700 -0.028100 -0.925900
vn 0.424800 0.619600 -0.660000
vn 0.234700 0.972100 -0.000800
vn 0.655700 0.755000 -0.008500
vn 0.870500 0.483100 0.094100
vn 0.886700 -0.456100 0.075700
vn 0.220900 0.975200 -0.012800
vn 0.665900 0.744800 0.042300
vn 0.942600 0.333100 0.023500
vn 0.921700 -0.369300 -0.118800
vn 0.212400 0.955100 -0.206800
vn 0.809800 0.576900 -0.106700
vn 0.992100 -0.034900 -0.120100
vn 0.150000 0.859900 -0.487900
vn 0.887500 0.460000 0.025500
vn 0.940400 0.332100 0.072800
vn 0.926100 0.361500 -0.107700
vn 0.188500 0.818800 -0.542300
vn 0.904700 0.415700 -0.093300
vn 0.920000 -0.107400 0.376900
vn 0.949500 0.259300 0.176900
vn 0.468000 0.831200 -0.300300
vn 0.814800 0.468200 -0.341900
vn 0.169100 -0.368000 0.914300
vn 0.498100 -0.363000 0.787500
vn 0.387900 -0.257300 0.885100
vn 0.780400 -0.081400 0.619900
vn 0.998200 0.023400 -0.055000
vn 0.229400 0.523400 -0.820600
vn 0.661100 0.335800 -0.671000
vn 0.282700 -0.393100 0.875000
vn 0.263500 -0.353500 0.897500
vn 0.699800 -0.334100 0.631400
vn 0.800600 -0.202700 0.563800
vn 0.174300 -0.050700 0.983400
vn 0.505100 0.219200 0.834700
vn 0.903700 0.017400 0.427800
vn 0.768700 0.472700 0.430900
vn 0.147400 0.456400 0.877500
vn 0.300700 0.842500 0.446900
vn 0.223600 0.962300 -0.154700
vn 0.151300 -0.277600 0.948700
vn 0.241300 -0.286800 0.927100
vn 0.980900 0.077300 -0.178500
vn 0.925800 -0.368900 0.082900
vn 0.838700 -0.304300 0.451700
vn 0.599500 -0.257900 0.757700
vn 0.709700 0.508600 0.487400
vn -0.724000 0.635100 0.269300
vn 0.148700 0.226000 -0.962700
vn 0.931100 -0.353100 0.091800
vn -0.657500 0.752000 -0.047000
vn 0.536500 0.204700 -0.818700
vn 0.833000 -0.505700 0.224300
vn -0.722900 0.690800 0.015100
vn 0.239900 0.091900 -0.966400
vn 0.347100 0.644700 -0.681100
vn 0.193000 0.918700 -0.344600
vn 0.315700 -0.916700 -0.244700
vn 0.863900 -0.435700 0.252800
vn 0.298100 0.420000 0.857200
vn 0.956000 0.292400 0.023600
vn 0.260000 0.523500 -0.811400
vn 0.954900 0.276300 0.108500
vn 0.975900 0.189500 0.108500
vn 0.947600 0.310900 -0.072700
vn 0.984400 0.127600 0.121400
vn 0.988000 0.144700 0.054500
vn 0.961700 0.233600 0.143200
vn 0.998800 0.048500 0.002400
vn 0.176300 0.017400 0.984200
vn 0.755500 0.108700 0.646100
vn 0.881000 0.102500 0.461900
vn 0.965600 -0.097200 0.241100
vn 0.299700 0.659900 -0.689000
vn 0.858200 -0.185900 0.478400
vn 0.797500 -0.580300 -0.165000
vn 0.910700 -0.388500 0.140000
vn 0.356700 0.876500 0.323200
vn 0.913300 -0.095100 0.396000
vn 0.701500 0.118600 -0.702800
vn 0.993200 -0.109000 -0.040700
vn 0.390300 -0.528000 0.754200
vn -0.685300 -0.356800 0.634900
vn -0.994900 0.036400 -0.093900
vn -0.448300 0.170800 -0.877400
vn -0.002300 -0.992800 -0.119600
vn 0.262500 -0.662800 -0.701300
vn -0.875400 0.483300 0.008200
vn -0.234400 0.971100 -0.046000
vn -0.651900 0.755000 0.070500
vn -0.555400 -0.798800 -0.231000
vn 0.176900 -0.686600 -0.705200
vn -0.122800 0.227800 -0.965900
vn -0.023500 -0.019200 -0.999500
vn -0.376900 -0.028300 -0.925800
vn -0.425100 0.619600 -0.659800
vn -0.234700 0.972100 -0.000800
vn -0.655700 0.755000 -0.008500
vn -0.870500 0.483100 0.094100
vn -0.886700 -0.456100 0.075700
vn -0.220900 0.975200 -0.012800
vn -0.665900 0.744800 0.042300
vn -0.942600 0.333100 0.023500
vn -0.860100 -0.504400 -0.075400
vn -0.212400 0.955100 -0.206800
vn -0.760300 0.627400 -0.168200
vn -0.994600 0.091100 -0.049300
vn -0.167300 0.865500 -0.472100
vn -0.801900 0.552400 -0.227500
vn -0.941800 0.325400 0.084800
vn -0.945200 0.325900 -0.017500
vn -0.142200 0.797000 -0.587100
vn -0.887600 0.430000 -0.164800
vn -0.916700 -0.108300 0.384600
vn -0.913500 0.336000 -0.229500
vn -0.123000 0.565900 -0.815300
vn -0.867000 0.487900 0.101500
vn -0.167800 -0.368400 0.914400
vn -0.268500 -0.340700 0.901000
vn -0.186500 -0.253500 0.949200
vn -0.843100 -0.069400 0.533200
vn -0.982000 0.048200 -0.182600
vn -0.451100 0.558400 -0.696200
vn -0.772700 0.342500 -0.534500
vn -0.397200 -0.414200 0.818900
vn -0.497500 -0.360900 0.788800
vn -0.455500 -0.328900 0.827200
vn -0.857200 -0.197400 0.475600
vn -0.174300 -0.050700 0.983400
vn -0.708900 0.053500 0.703300
vn -0.262700 0.726900 0.634500
vn -0.902100 0.429500 -0.041100
vn -0.755000 0.526600 0.390700
vn -0.353000 0.313000 0.881700
vn -0.176200 0.918700 0.353500
vn -0.284800 0.939500 -0.190300
vn -0.253000 -0.322700 0.912000
vn -0.241300 -0.286800 0.927100
vn -0.997300 0.016700 -0.071400
vn -0.925800 -0.368900 0.082900
vn -0.838600 -0.304400 0.451700
vn -0.660600 -0.273500 0.699100
vn -0.709700 0.508600 0.487400
vn 0.585400 0.810100 -0.032800
vn -0.384800 0.221200 -0.896100
vn -0.931100 -0.353100 0.091800
vn 0.696700 0.717100 -0.018100
vn -0.515700 0.196300 -0.834000
vn -0.833000 -0.505700 0.224300
vn 0.669000 0.742000 -0.042900
vn -0.499200 0.168700 -0.849900
vn -0.347200 0.644600 -0.681100
vn -0.193100 0.918700 -0.344700
vn -0.490300 -0.798300 -0.349600
vn -0.855400 -0.450100 0.256300
vn -0.415400 0.230300 0.880000
vn -0.956000 0.292400 0.023500
vn -0.260400 0.523400 -0.811300
vn -0.954900 0.276300 0.108500
vn -0.975900 0.189500 0.108500
vn -0.947600 0.310900 -0.072700
vn -0.982500 0.115200 0.146300
vn -0.986600 0.126600 0.102400
vn -0.947800 0.209700 0.240100
vn -0.987400 0.070800 -0.141600
vn -0.176300 0.017400 0.984200
vn -0.755500 0.108700 0.646100
vn -0.878500 0.335600 0.339900
vn -0.993600 0.000500 -0.113100
vn -0.299800 0.659900 -0.689000
vn -0.858200 -0.185900 0.478400
vn -0.797500 -0.580300 -0.165000
vn -0.910700 -0.388500 0.140000
vn -0.754100 0.291200 0.588700
vn -0.917800 -0.070000 0.390700
vn 0.649200 -0.061100 -0.758100
vn 0.999900 0.001300 -0.010300
vn 0.664000 0.064800 0.744900
vn -0.483500 0.075900 0.872000
vn -0.514600 0.064300 -0.855000
vn -0.500900 -0.073900 -0.862400
vn -0.999900 -0.001300 0.010300
vn -0.000000 -1.000000 -0.000000
vn -0.572300 0.431000 -0.697600
vn -0.995300 -0.096400 -0.001800
vn -0.544900 -0.326000 0.772500
vn 0.651900 -0.327600 0.683900
vn 0.989500 -0.142200 -0.027200
vn 0.656200 0.057300 -0.752400
vn -0.992600 -0.120300 -0.016900
vn -0.533300 -0.583600 0.612400
vn 0.596500 -0.560700 0.574300
vn 0.997000 -0.052600 -0.056000
vn 0.579700 0.446100 -0.681800
vn -0.452800 -0.891600 0.004500
vn -0.003200 -0.993500 -0.113700
vn 0.387400 -0.921900 0.011500
vn 0.124400 -0.984300 -0.125400
vn 0.000100 -0.993300 -0.115700
vn 0.423500 -0.894300 -0.144500
vn 0.618800 -0.276100 -0.735400
vn 0.998500 -0.052900 -0.014600
vn 0.641300 0.241100 0.728400
vn -0.459000 0.289300 0.840000
vn -0.472300 -0.307500 -0.826100
vn -0.998400 -0.056400 0.005800
vn 0.000600 -0.965800 0.259300
vn 0.132900 -0.989300 -0.060200
vn -0.229800 -0.973200 -0.009500
vn -0.003300 -0.993100 -0.116800
vn -0.170500 -0.978600 -0.115300
vn 0.042000 -0.942400 -0.331900
vn 0.110300 -0.515700 0.849700
vn -0.060800 -0.572700 0.817500
vn 0.295200 0.904500 0.307800
vn 0.863900 0.442300 0.241000
vn 0.909400 -0.396700 0.124700
vn 0.406500 -0.907900 0.102800
vn 0.304900 -0.849700 0.430100
vn 0.860700 -0.324400 0.392300
vn 0.834000 0.404300 0.375400
vn 0.415800 0.888900 0.192300
vn 0.238900 -0.666500 0.706200
vn 0.208500 -0.964300 0.163000
vn 0.687300 -0.688000 0.233000
vn 0.075000 -0.542800 0.836500
vn 0.377600 -0.567000 0.732100
vn 0.410600 0.864200 0.291000
vn 0.295500 -0.953800 0.053800
vn 0.375600 -0.869200 0.321500
vn 0.299600 0.932900 0.199800
vn 0.286100 -0.635700 0.717000
vn 0.466000 -0.056200 0.883000
vn 0.525500 -0.765100 0.372100
vn 0.355500 -0.578400 0.734200
vn 0.940300 -0.321300 0.112200
vn 0.818300 -0.397500 0.415200
vn 0.229900 -0.378000 0.896800
vn 0.842700 -0.372500 0.388800
vn 0.811600 -0.367700 0.454100
vn 0.346900 -0.354200 0.868500
vn -0.501300 -0.009300 -0.865200
vn -0.998900 -0.045600 0.006700
vn -0.488000 -0.180000 0.854100
vn 0.671700 -0.088600 0.735500
vn 0.999000 -0.043300 -0.010400
vn 0.644600 -0.013100 -0.764400
vn 0.053700 -0.101600 0.993400
vn 0.467200 0.213100 0.858100
vn 0.223600 0.038500 0.973900
vn 0.259700 -0.294100 -0.919800
vn -0.369800 0.346700 -0.862000
vn 0.682600 0.024800 -0.730400
vn 0.068600 0.953900 0.292300
vn 0.264800 -0.797300 -0.542400
vn 0.251800 -0.542700 -0.801300
vn 0.962500 -0.271400 -0.004700
vn 0.935600 -0.098600 -0.338900
vn 0.214700 0.569400 0.793600
vn 0.088800 0.859600 0.503100
vn 0.862600 0.440300 0.248900
vn 0.820800 0.390300 0.417100
vn 0.520400 0.123400 0.845000
vn 0.203800 0.325100 -0.923500
vn 0.784200 0.617800 0.057800
vn 0.956700 0.031500 0.289300
vn 0.960000 0.274000 0.057700
vn -1.000000 0.000100 -0.000300
vn -0.334400 0.838800 0.429600
vn 0.542300 0.728000 0.419500
vn 1.000000 0.000400 0.000200
vn 0.000500 -1.000000 -0.000100
vn -0.290100 -0.517200 -0.805200
vn -1.000000 -0.002100 0.001800
vn -0.377500 0.829900 0.410900
vn 0.486400 0.799800 0.351800
vn 1.000000 -0.007300 -0.002100
vn 0.656900 -0.292700 -0.694900
vn -0.722000 -0.372300 0.583200
vn -0.012100 -0.538000 0.842900
vn 0.018700 -0.537900 0.842800
vn -0.314400 0.537300 0.782600
vn 0.425700 0.486300 0.763100
vn 0.826900 -0.238100 0.509400
vn -1.000000 0.000100 -0.000200
vn -0.334300 0.831800 0.443000
vn 0.544900 0.718100 0.432800
vn 1.000000 -0.000600 0.000700
vn 0.000900 -1.000000 -0.000200
vn -0.843500 -0.339700 0.415900
vn 0.029200 -0.632300 0.774200
vn -0.045000 -0.631900 0.773700
vn -0.313000 0.527500 0.789800
vn 0.425500 0.485400 0.763800
vn 0.911800 -0.202300 0.357300
vn 0.000200 -1.000000 -0.000100
vn 0.535400 0.747600 0.392900
vn -0.445600 0.362700 0.818500
vn 1.000000 -0.005100 -0.001600
vn -1.000000 -0.001000 0.001100
vn -0.506000 -0.202800 -0.838400
vn -0.346700 0.851300 0.393800
vn 0.247500 -0.543300 -0.802200
vn 0.953100 -0.064700 -0.295600
vn 0.144400 0.857200 0.494400
vn 0.964700 0.259700 0.043200
vn -0.649200 -0.061000 -0.758100
vn -0.999900 0.001300 -0.010300
vn -0.664100 0.064400 0.744900
vn 0.492800 0.070400 0.867300
vn 0.514600 0.064300 -0.855000
vn 0.499900 -0.074200 -0.862900
vn 1.000000 -0.003900 0.004800
vn 0.544000 0.462100 -0.700300
vn 0.995300 -0.096400 -0.001800
vn 0.544900 -0.326100 0.772500
vn -0.607300 -0.310000 0.731500
vn -0.980800 -0.159800 -0.111500
vn -0.539300 0.028400 -0.841600
vn 0.993400 -0.112700 -0.019200
vn 0.512200 -0.603000 0.611700
vn -0.596500 -0.560700 0.574300
vn -0.997000 -0.052600 -0.056000
vn -0.579700 0.446100 -0.681800
vn -0.124900 -0.986600 -0.105100
vn 0.003200 -0.993500 -0.113700
vn -0.506000 -0.861500 -0.041500
vn -0.124900 -0.984200 -0.125500
vn -0.000100 -0.993300 -0.115700
vn -0.423500 -0.894300 -0.144500
vn -0.618800 -0.276100 -0.735400
vn -0.998500 -0.052900 -0.014600
vn -0.641400 0.240600 0.728500
vn 0.498800 0.261400 0.826300
vn 0.504300 -0.290000 -0.813400
vn 0.998800 -0.045600 0.018700
vn -0.002400 -0.965300 0.261000
vn -0.132800 -0.989300 -0.060200
vn 0.229800 -0.973200 -0.009500
vn 0.003200 -0.993100 -0.116800
vn 0.170500 -0.978600 -0.115200
vn -0.042000 -0.942400 -0.331800
vn -0.109200 -0.515700 0.849800
vn -0.231200 -0.604900 0.762000
vn -0.295200 0.904500 0.307800
vn -0.863900 0.442300 0.241000
vn -0.909400 -0.396700 0.124700
vn -0.406500 -0.907900 0.102800
vn -0.304900 -0.849700 0.430100
vn -0.832000 -0.364400 0.418400
vn -0.865000 0.288800 0.410200
vn -0.411800 0.891100 0.190900
vn -0.145200 -0.644300 0.750800
vn -0.208500 -0.964300 0.163000
vn -0.687300 -0.688000 0.233000
vn -0.194300 -0.628000 0.753600
vn -0.737600 -0.465000 0.489600
vn -0.410600 0.864200 0.291000
vn -0.324300 -0.943500 0.067800
vn -0.301800 -0.868300 0.393700
vn -0.564300 0.721900 0.400600
vn -0.043200 -0.454700 0.889600
vn -0.466000 -0.056200 0.883000
vn -0.525500 -0.765100 0.372100
vn -0.351500 -0.577500 0.736800
vn -0.968900 -0.133300 0.208300
vn -0.620500 -0.565800 0.543000
vn -0.203900 -0.368900 0.906800
vn -0.842700 -0.372500 0.388800
vn -0.704000 -0.439200 0.558100
vn -0.346900 -0.354200 0.868500
vn 0.501300 -0.009300 -0.865200
vn 0.997800 -0.058100 0.031200
vn 0.403200 -0.213000 0.890000
vn -0.826800 -0.125200 0.548300
vn -0.999000 -0.043300 -0.010400
vn -0.644600 -0.013100 -0.764400
vn -0.053700 -0.101600 0.993400
vn -0.467200 0.213100 0.858100
vn -0.223600 0.038500 0.973900
vn -0.318000 -0.223600 -0.921300
vn 0.369800 0.346700 -0.862000
vn -0.682600 0.024800 -0.730400
vn 0.066000 0.969200 0.237300
vn -0.191500 -0.833200 -0.518700
vn -0.258500 -0.538300 -0.802100
vn -0.956000 -0.293300 -0.006000
vn -0.935600 -0.098600 -0.338900
vn -0.168700 0.603100 0.779600
vn -0.088800 0.859600 0.503100
vn -0.950300 0.263100 0.166300
vn -0.845100 0.260300 0.467000
vn -0.520400 0.123400 0.845000
vn -0.023100 0.520300 -0.853700
vn -0.784200 0.617800 0.057800
vn -0.956700 0.031500 0.289300
vn -0.945000 0.320000 0.067000
vn 1.000000 0.000100 -0.000300
vn 0.334400 0.838800 0.429600
vn -0.479300 0.781200 0.400100
vn -1.000000 -0.000200 0.000300
vn 0.290200 -0.516900 -0.805400
vn 1.000000 -0.002100 0.001800
vn 0.377500 0.829800 0.410900
vn -0.531600 0.758700 0.376500
vn -1.000000 0.002300 -0.001800
vn -0.421700 -0.487600 -0.764500
vn 0.722000 -0.372300 0.583200
vn 0.012100 -0.538000 0.842900
vn 0.227100 -0.640000 0.734000
vn 0.314400 0.537300 0.782600
vn -0.442500 0.449800 0.775800
vn -0.768900 -0.344000 0.538900
vn -0.000000 -1.000000 0.000100
vn 1.000000 0.000100 -0.000200
vn 0.334300 0.831800 0.443100
vn -0.479200 0.774500 0.412900
vn -1.000000 0.002000 -0.000200
vn -0.000100 -1.000000 0.000100
vn 0.843500 -0.339700 0.415900
vn -0.029200 -0.632300 0.774200
vn 0.211200 -0.699600 0.682600
vn 0.313000 0.527500 0.789800
vn -0.444500 0.458900 0.769300
vn -0.874400 -0.306900 0.375800
vn -0.496400 0.786800 0.366700
vn 0.445900 0.362200 0.818500
vn -1.000000 -0.005100 -0.001600
vn 1.000000 -0.001000 0.001100
vn 0.313200 -0.388100 -0.866800
vn 0.381200 0.818300 0.430200
vn -0.252000 -0.540000 -0.803100
vn -0.953100 -0.064700 -0.295600
vn -0.144400 0.857200 0.494400
vn -0.957500 0.285000 0.044400
vn 0.653300 -0.059400 -0.754800
vn 1.000000 0.003900 -0.005000
vn 0.659400 0.067200 0.748800
vn -0.492900 0.070900 0.867200
vn -0.508500 0.062300 -0.858800
vn -0.499700 -0.074400 -0.863000
vn -1.000000 -0.003900 0.004800
vn 0.000400 -1.000000 0.000100
vn -0.544000 0.462100 -0.700300
vn -0.995400 -0.096200 -0.001000
vn -0.481100 -0.296700 0.824900
vn 0.607300 -0.310000 0.731500
vn 0.980800 -0.159800 -0.111500
vn 0.539300 0.028400 -0.841600
vn -0.993400 -0.112700 -0.019200
vn -0.512200 -0.603000 0.611700
vn 0.603000 -0.554100 0.573900
vn 0.996500 -0.064500 -0.052300
vn 0.595500 0.429700 -0.678800
vn 0.124900 -0.986600 -0.105100
vn -0.014100 -0.993200 -0.115900
vn 0.506000 -0.861500 -0.041500
vn 0.124900 -0.984200 -0.125500
vn -0.003400 -0.993200 -0.116200
vn 0.505800 -0.856200 -0.105600
vn 0.656600 -0.254300 -0.710100
vn 0.999400 -0.033300 0.008500
vn 0.664600 0.224000 0.712900
vn -0.498800 0.261800 0.826200
vn -0.504700 -0.289900 -0.813100
vn -0.998800 -0.045600 0.018700
vn 0.002500 -0.965400 0.260800
vn 0.000700 -0.939900 0.341300
vn 0.003000 -0.941000 0.338400
vn 0.004300 -0.999900 -0.010600
vn -0.183900 -0.982600 -0.025100
vn 0.000100 -0.993200 -0.116000
vn 0.135900 -0.975400 -0.173400
vn 0.419800 -0.891400 -0.170600
vn -0.221900 -0.560900 0.797600
vn 0.230900 -0.604900 0.762100
vn 0.289200 0.907200 0.305500
vn 0.723900 0.656500 0.212100
vn 0.789300 -0.592000 0.162900
vn 0.575500 -0.815700 0.058600
vn 0.268100 -0.903600 0.334200
vn 0.832000 -0.364400 0.418400
vn 0.865000 0.288800 0.410200
vn 0.411800 0.891100 0.190900
vn 0.145200 -0.644300 0.750800
vn 0.510600 -0.777000 0.368300
vn 0.740100 -0.587900 0.326400
vn 0.194300 -0.628000 0.753600
vn 0.737600 -0.465000 0.489600
vn 0.385000 0.876400 0.289500
vn 0.324300 -0.943500 0.067800
vn 0.301800 -0.868300 0.393700
vn 0.564300 0.721900 0.400600
vn 0.043200 -0.454700 0.889600
vn 0.459100 -0.067300 0.885900
vn 0.321400 -0.941200 0.104300
vn 0.351500 -0.577500 0.736800
vn 0.968900 -0.133300 0.208300
vn 0.620500 -0.565800 0.543000
vn 0.203900 -0.368900 0.906800
vn 0.716100 0.007700 0.697900
vn 0.704000 -0.439200 0.558100
vn 0.278600 -0.400700 0.872800
vn -0.507400 -0.007400 -0.861700
vn -0.997800 -0.058100 0.031200
vn -0.403200 -0.213000 0.890000
vn 0.826800 -0.125200 0.548300
vn 0.999000 -0.042100 -0.013800
vn 0.654600 -0.016300 -0.755800
vn 0.057200 -0.101300 0.993200
vn 0.610600 0.264300 0.746500
vn 0.290400 0.061300 0.954900
vn 0.318000 -0.223600 -0.921300
vn 0.096700 0.952900 -0.287400
vn 0.859500 0.082500 -0.504400
vn -0.066000 0.969200 0.237300
vn 0.191500 -0.833200 -0.518700
vn 0.258500 -0.538300 -0.802100
vn 0.956000 -0.293300 -0.006000
vn 0.956900 -0.081800 -0.278500
vn 0.168700 0.603100 0.779600
vn 0.143500 0.870300 0.471100
vn 0.950300 0.263100 0.166300
vn 0.845100 0.260300 0.467000
vn 0.320900 -0.151200 0.935000
vn 0.023100 0.520300 -0.853700
vn 0.834100 0.508000 -0.214900
vn 0.960100 0.030100 0.277900
vn 0.945000 0.320000 0.067000
vn -1.000000 -0.000100 -0.000200
vn -0.386800 0.799000 0.460400
vn 0.479300 0.781200 0.400100
vn 1.000000 -0.000200 0.000300
vn -0.501400 -0.334100 -0.798100
vn -1.000000 0.006200 0.002000
vn -0.339400 0.861600 0.377500
vn 0.531600 0.758800 0.376400
vn 1.000000 0.002300 -0.001800
vn 0.421600 -0.487800 -0.764400
vn -0.787100 -0.261200 0.558700
vn 0.149800 -0.649800 0.745200
vn -0.227100 -0.640000 0.734000
vn -0.302300 0.565300 0.767500
vn 0.442500 0.449800 0.775800
vn 0.768900 -0.344000 0.538900
vn 0.000200 -1.000000 0.000100
vn -1.000000 0.000200 -0.000200
vn -0.389300 0.789000 0.475400
vn 0.479200 0.774500 0.412900
vn 1.000000 0.002000 -0.000200
vn 0.000100 -1.000000 0.000000
vn -0.887800 -0.228100 0.399800
vn 0.139000 -0.708800 0.691600
vn -0.211200 -0.699600 0.682600
vn -0.299100 0.548300 0.781000
vn 0.444500 0.458800 0.769300
vn 0.874400 -0.306900 0.375700
vn 0.496400 0.786900 0.366600
vn -0.657500 0.177500 0.732200
vn 1.000000 0.002200 -0.002200
vn -1.000000 0.003900 0.000700
vn -0.313600 -0.388500 -0.866500
vn -0.381200 0.818300 0.430200
vn 0.252000 -0.540000 -0.803100
vn 0.964000 -0.059600 -0.259000
vn 0.181300 0.864900 0.468100
vn 0.957500 0.285000 0.044400
vn -0.653600 -0.059200 -0.754600
vn -1.000000 0.003900 -0.005000
vn -0.659200 0.066800 0.749000
vn 0.483500 0.075400 0.872100
vn 0.508500 0.062300 -0.858800
vn 0.500900 -0.073800 -0.862400
vn 0.999900 -0.001300 0.010300
vn -0.000400 -1.000000 0.000200
vn 0.572300 0.431000 -0.697600
vn 0.995400 -0.096200 -0.001000
vn 0.481100 -0.296700 0.824900
vn -0.651800 -0.327600 0.684000
vn -0.989500 -0.142200 -0.027200
vn -0.656200 0.057300 -0.752400
vn 0.992600 -0.120300 -0.016900
vn 0.533300 -0.583600 0.612400
vn -0.603000 -0.554100 0.573900
vn -0.996500 -0.064500 -0.052300
vn -0.595500 0.429800 -0.678800
vn 0.452900 -0.891600 0.004500
vn 0.014300 -0.993200 -0.115900
vn -0.387500 -0.921800 0.011500
vn -0.124400 -0.984300 -0.125400
vn 0.003400 -0.993200 -0.116200
vn -0.505800 -0.856200 -0.105600
vn -0.656500 -0.254300 -0.710100
vn -0.999400 -0.033300 0.008500
vn -0.664500 0.223700 0.713000
vn 0.459100 0.288800 0.840100
vn 0.472300 -0.307300 -0.826100
vn 0.998400 -0.056400 0.005800
vn -0.000700 -0.939900 0.341600
vn -0.000600 -0.965800 0.259400
vn -0.002900 -0.940800 0.338800
vn -0.004200 -0.999900 -0.010600
vn 0.183900 -0.982600 -0.025100
vn -0.000100 -0.993200 -0.116000
vn -0.135900 -0.975400 -0.173400
vn -0.419800 -0.891400 -0.170600
vn 0.222000 -0.560700 0.797700
vn 0.061800 -0.572500 0.817600
vn -0.289200 0.907200 0.305500
vn -0.723900 0.656500 0.212100
vn -0.789300 -0.592000 0.162900
vn -0.575500 -0.815700 0.058600
vn -0.268100 -0.903600 0.334200
vn -0.860700 -0.324400 0.392300
vn -0.834000 0.404300 0.375400
vn -0.415800 0.888900 0.192300
vn -0.238900 -0.666500 0.706200
vn -0.510600 -0.777000 0.368300
vn -0.740100 -0.587900 0.326400
vn -0.075000 -0.542800 0.836500
vn -0.377600 -0.567000 0.732100
vn -0.385000 0.876400 0.289500
vn -0.295500 -0.953800 0.053800
vn -0.375600 -0.869200 0.321500
vn -0.299600 0.932900 0.199800
vn -0.286100 -0.635700 0.717000
vn -0.459100 -0.067300 0.885900
vn -0.321400 -0.941200 0.104300
vn -0.355500 -0.578400 0.734200
vn -0.940300 -0.321300 0.112200
vn -0.818300 -0.397500 0.415200
vn -0.229900 -0.378000 0.896800
vn -0.716100 0.007700 0.697900
vn -0.811600 -0.367700 0.454100
vn -0.278600 -0.400700 0.872800
vn 0.507400 -0.007400 -0.861700
vn 0.998900 -0.045600 0.006700
vn 0.488000 -0.180000 0.854100
vn -0.671700 -0.088600 0.735500
vn -0.999000 -0.042100 -0.013800
vn -0.654600 -0.016300 -0.755800
vn -0.057200 -0.101300 0.993200
vn -0.610600 0.264300 0.746500
vn -0.290400 0.061300 0.954900
vn -0.259700 -0.294100 -0.919800
vn -0.096700 0.952900 -0.287400
vn -0.859500 0.082500 -0.504400
vn -0.068600 0.953900 0.292300
vn -0.264800 -0.797300 -0.542400
vn -0.251800 -0.542700 -0.801300
vn -0.962500 -0.271400 -0.004700
vn -0.956900 -0.081800 -0.278500
vn -0.214700 0.569400 0.793600
vn -0.143500 0.870300 0.471100
vn -0.862600 0.440300 0.248900
vn -0.820800 0.390300 0.417100
vn -0.320900 -0.151200 0.935000
vn -0.203800 0.325100 -0.923500
vn -0.834100 0.508000 -0.214900
vn -0.960100 0.030100 0.277900
vn -0.960000 0.274000 0.057700
vn 1.000000 -0.000100 -0.000200
vn 0.386800 0.799000 0.460400
vn -0.542300 0.728000 0.419500
vn -1.000000 0.000400 0.000200
vn -0.000500 -1.000000 -0.000100
vn 0.501600 -0.333500 -0.798200
vn 1.000000 0.006200 0.002000
vn 0.339400 0.861600 0.377500
vn -0.486400 0.799800 0.351800
vn -1.000000 -0.007300 -0.002000
vn -0.657100 -0.292200 -0.694800
vn 0.787200 -0.261200 0.558700
vn -0.149800 -0.649800 0.745200
vn -0.018700 -0.537900 0.842800
vn 0.302300 0.565300 0.767500
vn -0.425700 0.486300 0.763100
vn -0.827000 -0.238100 0.509400
vn 1.000000 0.000200 -0.000200
vn 0.389300 0.789000 0.475400
vn -0.544900 0.718200 0.432800
vn -1.000000 -0.000600 0.000700
vn -0.000900 -1.000000 -0.000100
vn 0.887800 -0.228100 0.399800
vn -0.139000 -0.708800 0.691600
vn 0.045000 -0.631900 0.773700
vn 0.299100 0.548300 0.781000
vn -0.425500 0.485400 0.763800
vn -0.911800 -0.202300 0.357400
vn -0.000200 -1.000000 -0.000100
vn -0.535400 0.747600 0.393000
vn 0.657500 0.177400 0.732300
vn -1.000000 0.002200 -0.002200
vn 1.000000 0.003900 0.000700
vn 0.505500 -0.202500 -0.838700
vn 0.346700 0.851300 0.393900
vn -0.247500 -0.543300 -0.802200
vn -0.964000 -0.059600 -0.259000
vn -0.181300 0.864900 0.468100
vn -0.964700 0.259700 0.043200
vn -0.538000 -0.005800 -0.842900
vn -0.982500 -0.184000 0.029300
vn -0.374200 -0.320900 0.870000
vn 0.826900 -0.132700 0.546500
vn 0.985100 -0.114700 0.128000
vn 0.677400 -0.051400 -0.733800
vn 0.916300 -0.395400 -0.064200
vn 0.382300 -0.559700 0.735200
vn -0.713700 0.187500 -0.674900
vn -0.986200 -0.156100 -0.055400
vn -0.486500 -0.746300 0.454300
vn 0.593400 -0.599200 0.537400
vn 0.999200 -0.022800 -0.031400
vn 0.491200 0.122300 -0.862400
vn 0.369600 -0.768300 -0.522700
vn 0.968600 -0.248200 0.011900
vn 0.294500 0.546600 0.783900
vn 0.958600 0.024600 0.283600
vn 0.538100 -0.005800 -0.842900
vn 0.981500 -0.188500 0.032700
vn -0.234300 -0.480600 0.845100
vn -0.928400 -0.158000 0.336200
vn -0.985100 -0.114700 0.128000
vn -0.677400 -0.051400 -0.733800
vn -0.937100 -0.334300 -0.100600
vn -0.055100 -0.516200 0.854700
vn 0.713700 0.187500 -0.674900
vn 0.988900 -0.137300 -0.057400
vn 0.117300 -0.908100 0.401900
vn -0.824100 -0.496100 0.273500
vn -0.992500 -0.031100 -0.117900
vn -0.491200 0.122300 -0.862400
vn -0.257000 -0.825900 -0.501900
vn -0.959800 -0.280800 0.006400
vn -0.215500 0.597500 0.772400
vn -0.958600 0.024600 0.283600
vn -0.495600 -0.030400 -0.868000
vn -0.981500 -0.188500 0.032700
vn 0.234300 -0.480600 0.845100
vn 0.928400 -0.158000 0.336200
vn 0.997800 -0.065200 -0.010400
vn 0.645200 -0.039500 -0.763000
vn 0.937100 -0.334300 -0.100600
vn 0.055200 -0.516200 0.854700
vn -0.460600 0.073000 -0.884600
vn -0.988900 -0.137300 -0.057400
vn -0.117400 -0.908100 0.401900
vn 0.824100 -0.496100 0.273500
vn 0.992500 -0.031100 -0.117900
vn 0.517500 0.110200 -0.848600
vn 0.257000 -0.825900 -0.501900
vn 0.959800 -0.280800 0.006400
vn 0.215500 0.597500 0.772400
vn 0.963800 0.020100 0.265800
vn 0.982500 -0.184000 0.029300
vn 0.495600 -0.030400 -0.868000
vn 0.374200 -0.320900 0.870000
vn -0.826900 -0.132700 0.546500
vn -0.997800 -0.065200 -0.010400
vn -0.645200 -0.039500 -0.763000
vn -0.916300 -0.395400 -0.064200
vn -0.382300 -0.559600 0.735300
vn 0.460600 0.073000 -0.884600
vn 0.986200 -0.156100 -0.055400
vn 0.486500 -0.746300 0.454300
vn -0.593400 -0.599200 0.537400
vn -0.999200 -0.022800 -0.031400
vn -0.517500 0.110200 -0.848600
vn -0.369600 -0.768300 -0.522700
vn -0.968600 -0.248200 0.011900
vn -0.294500 0.546600 0.783900
vn -0.963800 0.020100 0.265800
s off
f 126//1 30//1 25//1
f 126//2 127//2 29//2
f 127//3 128//3 28//3
f 128//4 129//4 27//4
f 130//5 26//5 27//5
f 125//6 25//6 26//6
f 36//7 255//7 256//7
f 25//8 30//8 35//8
f 160//9 31//9 32//9
f 34//10 260//10 261//10
f 31//11 34//11 33//11
f 29//12 36//12 35//12
f 257//13 37//13 35//13
f 38//14 268//14 408//14
f 268//15 38//15 37//15
f 26//16 25//16 37//16
f 26//17 38//17 161//17
f 261//18 274//18 43//18
f 33//19 43//19 42//19
f 32//20 42//20 162//20
f 27//21 39//21 40//21
f 274//22 282//22 49//22
f 43//23 49//23 48//23
f 42//24 48//24 163//24
f 40//25 39//25 45//25
f 282//26 308//26 72//26
f 48//27 49//27 72//27
f 163//28 164//28 64//28
f 72//29 308//29 311//29
f 71//30 72//30 74//30
f 164//31 71//31 73//31
f 165//32 73//32 79//32
f 74//33 311//33 319//33
f 73//34 74//34 80//34
f 66//35 65//35 75//35
f 166//36 79//36 85//36
f 80//37 319//37 327//37
f 79//38 80//38 86//38
f 77//39 83//39 84//39
f 316//40 78//40 84//40
f 77//41 76//41 82//41
f 76//42 75//42 81//42
f 167//43 85//43 91//43
f 86//44 327//44 335//44
f 85//45 86//45 92//45
f 84//46 83//46 89//46
f 324//47 84//47 90//47
f 83//48 82//48 88//48
f 82//49 81//49 87//49
f 438//50 352//50 114//50
f 169//51 95//51 103//51
f 108//52 93//52 102//52
f 172//53 103//53 106//53
f 115//54 102//54 105//54
f 337//55 108//55 115//55
f 353//56 115//56 117//56
f 335//57 358//57 117//57
f 332//58 90//58 118//58
f 107//59 118//59 90//59
f 168//60 91//60 105//60
f 145//61 137//61 139//61
f 106//62 123//62 88//62
f 89//63 88//63 123//63
f 138//64 140//64 139//64
f 148//65 146//65 140//65
f 145//66 148//66 138//66
f 91//67 142//67 141//67
f 92//68 117//68 144//68
f 91//69 92//69 143//69
f 142//70 145//70 147//70
f 143//71 144//71 146//71
f 142//72 143//72 148//72
f 38//73 150//73 175//73
f 34//74 149//74 405//74
f 181//75 451//75 419//75
f 182//76 181//76 158//76
f 450//77 180//77 155//77
f 26//78 160//78 159//78
f 160//79 161//79 34//79
f 159//80 162//80 39//80
f 162//81 163//81 45//81
f 71//82 164//82 163//82
f 64//83 164//83 165//83
f 65//84 165//84 166//84
f 75//85 166//85 167//85
f 81//86 167//86 168//86
f 347//87 438//87 174//87
f 169//88 172//88 102//88
f 102//89 172//89 173//89
f 87//90 168//90 173//90
f 161//91 175//91 149//91
f 182//92 177//92 155//92
f 408//93 451//93 181//93
f 150//94 181//94 182//94
f 405//95 149//95 180//95
f 149//96 175//96 182//96
f 249//97 254//97 382//97
f 382//98 254//98 253//98
f 383//99 253//99 252//99
f 384//100 252//100 251//100
f 251//101 250//101 386//101
f 250//102 249//102 381//102
f 256//103 255//103 265//103
f 264//104 254//104 249//104
f 259//105 258//105 426//105
f 261//106 260//106 263//106
f 262//107 263//107 258//107
f 264//108 265//108 253//108
f 257//109 256//109 264//109
f 267//110 407//110 408//110
f 266//111 267//111 268//111
f 266//112 249//112 250//112
f 427//113 267//113 250//113
f 275//114 274//114 261//114
f 273//115 275//115 262//115
f 428//116 273//116 259//116
f 270//117 269//117 251//117
f 283//118 282//118 274//118
f 281//119 283//119 275//119
f 429//120 281//120 273//120
f 270//121 278//121 277//121
f 309//122 308//122 282//122
f 281//123 307//123 309//123
f 429//124 277//124 298//124
f 309//125 312//125 311//125
f 307//126 310//126 312//126
f 430//127 431//127 310//127
f 431//128 432//128 318//128
f 312//129 320//129 319//129
f 310//130 318//130 320//130
f 300//131 314//131 313//131
f 432//132 433//132 326//132
f 320//133 328//133 327//133
f 318//134 326//134 328//134
f 325//135 323//135 315//135
f 316//136 324//136 325//136
f 315//137 323//137 322//137
f 314//138 322//138 321//138
f 433//139 434//139 334//139
f 328//140 336//140 335//140
f 326//141 334//141 336//141
f 325//142 333//142 331//142
f 324//143 332//143 333//143
f 323//144 331//144 330//144
f 322//145 330//145 329//145
f 369//146 352//146 438//146
f 435//147 439//147 355//147
f 363//148 370//148 354//148
f 439//149 440//149 360//149
f 370//150 372//150 359//150
f 337//151 353//151 370//151
f 353//152 358//152 372//152
f 335//153 336//153 372//153
f 332//154 362//154 373//154
f 333//155 373//155 361//155
f 434//156 440//156 359//156
f 395//157 393//157 401//157
f 330//158 379//158 360//158
f 331//159 361//159 379//159
f 395//160 396//160 394//160
f 404//161 394//161 396//161
f 401//162 393//162 394//162
f 397//163 398//163 334//163
f 336//164 399//164 400//164
f 334//165 398//165 399//165
f 403//166 401//166 398//166
f 399//167 404//167 402//167
f 398//168 401//168 404//168
f 442//169 407//169 267//169
f 405//170 406//170 263//170
f 449//171 418//171 419//171
f 452//172 445//172 418//172
f 450//173 424//173 415//173
f 425//174 426//174 250//174
f 263//175 427//175 426//175
f 269//176 428//176 425//176
f 277//177 429//177 428//177
f 429//178 430//178 307//178
f 298//179 299//179 431//179
f 299//180 313//180 432//180
f 313//181 321//181 433//181
f 321//182 329//182 434//182
f 441//183 438//183 347//183
f 354//147 439//147 435//147
f 354//184 359//184 440//184
f 329//185 360//185 440//185
f 406//186 442//186 427//186
f 415//187 445//187 452//187
f 449//188 451//188 408//188
f 452//189 449//189 407//189
f 405//190 450//190 448//190
f 406//191 448//191 452//191
f 125//192 126//192 25//192
f 30//193 126//193 29//193
f 29//194 127//194 28//194
f 28//195 128//195 27//195
f 129//196 130//196 27//196
f 130//197 125//197 26//197
f 35//198 36//198 256//198
f 37//199 25//199 35//199
f 159//200 160//200 32//200
f 33//201 34//201 261//201
f 32//202 31//202 33//202
f 30//203 29//203 35//203
f 256//204 257//204 35//204
f 150//205 38//205 408//205
f 257//206 268//206 37//206
f 38//207 26//207 37//207
f 160//208 26//208 161//208
f 33//209 261//209 43//209
f 32//210 33//210 42//210
f 159//211 32//211 162//211
f 28//212 27//212 40//212
f 43//213 274//213 49//213
f 42//214 43//214 48//214
f 162//215 42//215 163//215
f 46//216 40//216 45//216
f 49//217 282//217 72//217
f 71//218 48//218 72//218
f 45//219 163//219 64//219
f 74//220 72//220 311//220
f 73//221 71//221 74//221
f 165//222 164//222 73//222
f 166//223 165//223 79//223
f 80//224 74//224 319//224
f 79//225 73//225 80//225
f 76//226 66//226 75//226
f 167//227 166//227 85//227
f 86//228 80//228 327//228
f 85//229 79//229 86//229
f 78//230 77//230 84//230
f 324//231 316//231 84//231
f 83//232 77//232 82//232
f 82//233 76//233 81//233
f 168//234 167//234 91//234
f 92//235 86//235 335//235
f 91//236 85//236 92//236
f 90//237 84//237 89//237
f 332//238 324//238 90//238
f 89//239 83//239 88//239
f 88//240 82//240 87//240
f 174//241 438//241 114//241
f 172//88 169//88 103//88
f 115//242 108//242 102//242
f 173//243 172//243 106//243
f 117//244 115//244 105//244
f 353//245 337//245 115//245
f 358//246 353//246 117//246
f 92//247 335//247 117//247
f 362//248 332//248 118//248
f 89//249 107//249 90//249
f 173//250 168//250 105//250
f 147//251 145//251 139//251
f 87//252 106//252 88//252
f 107//253 89//253 123//253
f 137//254 138//254 139//254
f 138//255 148//255 140//255
f 137//256 145//256 138//256
f 105//257 91//257 141//257
f 143//258 92//258 144//258
f 142//259 91//259 143//259
f 141//260 142//260 147//260
f 148//261 143//261 146//261
f 145//262 142//262 148//262
f 161//263 38//263 175//263
f 260//264 34//264 405//264
f 158//265 181//265 419//265
f 177//266 182//266 158//266
f 424//267 450//267 155//267
f 27//268 26//268 159//268
f 31//269 160//269 34//269
f 27//270 159//270 39//270
f 39//271 162//271 45//271
f 48//272 71//272 163//272
f 65//273 64//273 165//273
f 75//274 65//274 166//274
f 81//275 75//275 167//275
f 87//276 81//276 168//276
f 112//277 347//277 174//277
f 93//278 169//278 102//278
f 105//279 102//279 173//279
f 106//280 87//280 173//280
f 34//281 161//281 149//281
f 180//282 182//282 155//282
f 150//283 408//283 181//283
f 175//284 150//284 182//284
f 450//285 405//285 180//285
f 180//286 149//286 182//286
f 381//287 249//287 382//287
f 383//288 382//288 253//288
f 384//289 383//289 252//289
f 385//290 384//290 251//290
f 385//291 251//291 386//291
f 386//292 250//292 381//292
f 264//293 256//293 265//293
f 266//294 264//294 249//294
f 425//295 259//295 426//295
f 262//296 261//296 263//296
f 259//297 262//297 258//297
f 254//298 264//298 253//298
f 266//299 257//299 264//299
f 268//300 267//300 408//300
f 257//301 266//301 268//301
f 267//302 266//302 250//302
f 426//303 427//303 250//303
f 262//304 275//304 261//304
f 259//305 273//305 262//305
f 425//306 428//306 259//306
f 252//307 270//307 251//307
f 275//308 283//308 274//308
f 273//309 281//309 275//309
f 428//310 429//310 273//310
f 269//311 270//311 277//311
f 283//312 309//312 282//312
f 283//313 281//313 309//313
f 430//314 429//314 298//314
f 308//315 309//315 311//315
f 309//316 307//316 312//316
f 307//317 430//317 310//317
f 310//318 431//318 318//318
f 311//319 312//319 319//319
f 312//320 310//320 320//320
f 299//321 300//321 313//321
f 318//322 432//322 326//322
f 319//323 320//323 327//323
f 320//324 318//324 328//324
f 317//325 325//325 315//325
f 317//326 316//326 325//326
f 314//327 315//327 322//327
f 313//328 314//328 321//328
f 326//329 433//329 334//329
f 327//330 328//330 335//330
f 328//331 326//331 336//331
f 323//332 325//332 331//332
f 325//333 324//333 333//333
f 322//334 323//334 330//334
f 321//335 322//335 329//335
f 441//336 369//336 438//336
f 341//337 435//337 355//337
f 339//338 363//338 354//338
f 355//339 439//339 360//339
f 354//340 370//340 359//340
f 363//341 337//341 370//341
f 370//342 353//342 372//342
f 358//343 335//343 372//343
f 333//344 332//344 373//344
f 331//345 333//345 361//345
f 334//346 434//346 359//346
f 403//347 395//347 401//347
f 329//348 330//348 360//348
f 330//349 331//349 379//349
f 393//350 395//350 394//350
f 402//351 404//351 396//351
f 404//352 401//352 394//352
f 359//353 397//353 334//353
f 372//354 336//354 400//354
f 336//355 334//355 399//355
f 397//356 403//356 398//356
f 400//357 399//357 402//357
f 399//358 398//358 404//358
f 427//359 442//359 267//359
f 260//360 405//360 263//360
f 451//361 449//361 419//361
f 449//362 452//362 418//362
f 448//363 450//363 415//363
f 251//364 425//364 250//364
f 258//365 263//365 426//365
f 251//366 269//366 425//366
f 269//367 277//367 428//367
f 281//368 429//368 307//368
f 430//369 298//369 431//369
f 431//370 299//370 432//370
f 432//371 313//371 433//371
f 433//372 321//372 434//372
f 367//373 441//373 347//373
f 339//374 354//374 435//374
f 439//375 354//375 440//375
f 434//376 329//376 440//376
f 263//377 406//377 427//377
f 448//378 415//378 452//378
f 407//379 449//379 408//379
f 442//380 452//380 407//380
f 406//381 405//381 448//381
f 442//382 406//382 452//382
f 2//383 4//383 3//383
f 4//384 6//384 5//384
f 6//385 8//385 7//385
f 7//386 8//386 10//386
f 12//387 18//387 13//387
f 11//388 12//388 2//388
f 9//389 10//389 12//389
f 190//390 183//390 188//390
f 13//391 18//391 24//391
f 10//392 17//392 18//392
f 8//393 16//393 17//393
f 8//394 6//394 15//394
f 6//395 4//395 14//395
f 4//396 2//396 13//396
f 18//397 17//397 23//397
f 17//398 16//398 22//398
f 15//399 21//399 22//399
f 14//400 20//400 21//400
f 13//401 19//401 20//401
f 36//402 29//402 41//402
f 36//403 44//403 272//403
f 29//404 28//404 40//404
f 44//405 41//405 47//405
f 44//406 50//406 280//406
f 40//407 46//407 47//407
f 52//408 54//408 53//408
f 54//409 56//409 55//409
f 56//410 58//410 57//410
f 57//411 58//411 60//411
f 61//412 62//412 52//412
f 59//413 60//413 62//413
f 55//414 57//414 59//414
f 70//415 303//415 304//415
f 67//416 70//416 69//416
f 50//417 69//417 304//417
f 68//418 69//418 50//418
f 46//419 63//419 68//419
f 67//420 77//420 78//420
f 303//421 70//421 78//421
f 109//422 94//422 93//422
f 170//423 96//423 95//423
f 120//424 98//424 97//424
f 111//425 346//425 345//425
f 98//426 101//426 113//426
f 120//427 96//427 100//427
f 170//428 94//428 99//428
f 109//429 338//429 347//429
f 124//430 377//430 351//430
f 345//431 357//431 116//431
f 97//432 104//432 122//432
f 116//433 357//433 362//433
f 122//434 104//434 107//434
f 338//435 109//435 108//435
f 97//436 98//436 111//436
f 346//437 111//437 113//437
f 94//438 109//438 112//438
f 121//439 124//439 113//439
f 174//440 114//440 100//440
f 110//441 116//441 104//441
f 104//442 116//442 118//442
f 95//443 96//443 120//443
f 98//444 120//444 121//444
f 114//445 352//445 377//445
f 119//446 122//446 103//446
f 103//447 122//447 123//447
f 114//448 124//448 121//448
f 62//449 132//449 131//449
f 62//450 60//450 133//450
f 60//451 58//451 134//451
f 58//452 56//452 135//452
f 54//453 136//453 135//453
f 52//454 131//454 136//454
f 147//455 139//455 140//455
f 105//456 141//456 144//456
f 141//457 147//457 146//457
f 156//458 421//458 412//458
f 409//459 151//459 176//459
f 156//460 152//460 176//460
f 422//461 153//461 151//461
f 220//462 491//462 420//462
f 223//463 496//463 421//463
f 221//464 220//464 157//464
f 223//465 156//465 179//465
f 492//466 219//466 154//466
f 222//467 153//467 422//467
f 93//468 94//468 170//468
f 96//469 170//469 171//469
f 112//470 174//470 171//470
f 412//471 444//471 176//471
f 179//472 176//472 151//472
f 221//473 178//473 154//473
f 222//474 224//474 179//474
f 189//475 188//475 187//475
f 191//476 187//476 186//476
f 193//477 192//477 186//477
f 194//478 193//478 185//478
f 190//479 194//479 184//479
f 1//480 190//480 189//480
f 11//481 189//481 191//481
f 9//482 191//482 192//482
f 5//483 7//483 192//483
f 3//484 5//484 193//484
f 1//485 3//485 194//485
f 188//486 200//486 199//486
f 188//390 183//390 195//390
f 198//487 199//487 200//487
f 196//488 197//488 198//488
f 187//489 199//489 198//489
f 185//490 186//490 198//490
f 184//491 185//491 197//491
f 184//390 196//390 195//390
f 208//390 201//390 206//390
f 207//492 206//492 205//492
f 209//493 205//493 204//493
f 211//494 210//494 204//494
f 212//495 211//495 203//495
f 208//496 212//496 202//496
f 206//497 218//497 217//497
f 206//390 201//390 213//390
f 216//498 217//498 218//498
f 214//499 215//499 216//499
f 205//500 217//500 216//500
f 203//501 204//501 216//501
f 202//502 203//502 215//502
f 201//503 202//503 214//503
f 210//504 211//504 55//504
f 51//505 208//505 212//505
f 53//506 55//506 211//506
f 61//507 207//507 209//507
f 207//508 61//508 51//508
f 210//509 57//509 59//509
f 157//510 420//510 496//510
f 157//511 223//511 224//511
f 154//512 222//512 497//512
f 154//513 178//513 224//513
f 227//514 228//514 226//514
f 229//515 230//515 228//515
f 231//516 232//516 230//516
f 231//517 233//517 234//517
f 237//518 242//518 236//518
f 235//519 225//519 226//519
f 233//520 235//520 236//520
f 458//390 453//390 460//390
f 237//521 243//521 248//521
f 242//522 241//522 234//522
f 241//523 240//523 232//523
f 232//524 240//524 239//524
f 230//525 239//525 238//525
f 228//526 238//526 237//526
f 242//527 248//527 247//527
f 241//528 247//528 246//528
f 246//529 245//529 239//529
f 245//530 244//530 238//530
f 244//531 243//531 237//531
f 265//532 276//532 271//532
f 272//533 276//533 265//533
f 253//534 271//534 270//534
f 276//535 284//535 279//535
f 280//536 284//536 276//536
f 279//537 278//537 270//537
f 287//538 288//538 286//538
f 289//539 290//539 288//539
f 291//540 292//540 290//540
f 291//541 293//541 294//541
f 295//542 285//542 286//542
f 293//543 295//543 296//543
f 287//544 285//544 295//544
f 304//545 303//545 306//545
f 305//546 306//546 301//546
f 304//547 305//547 284//547
f 284//548 305//548 302//548
f 302//549 297//549 278//549
f 317//550 315//550 301//550
f 303//551 316//551 317//551
f 339//552 340//552 364//552
f 341//553 342//553 436//553
f 343//554 344//554 375//554
f 345//555 346//555 366//555
f 368//556 350//556 344//556
f 375//557 376//557 349//557
f 436//558 437//558 348//558
f 364//559 367//559 347//559
f 380//560 368//560 351//560
f 371//561 357//561 345//561
f 378//562 356//562 343//562
f 371//563 373//563 362//563
f 378//564 379//564 361//564
f 363//565 364//565 338//565
f 343//566 365//566 366//566
f 346//567 351//567 368//567
f 340//568 348//568 367//568
f 376//569 350//569 368//569
f 349//570 369//570 441//570
f 356//571 371//571 365//571
f 356//572 361//572 373//572
f 341//573 374//573 375//573
f 344//574 350//574 376//574
f 369//575 380//575 377//575
f 355//576 378//576 374//576
f 355//577 360//577 379//577
f 376//578 380//578 369//578
f 387//579 388//579 296//579
f 296//580 388//580 389//580
f 294//581 389//581 390//581
f 292//582 390//582 391//582
f 391//583 392//583 288//583
f 392//584 387//584 286//584
f 396//585 395//585 403//585
f 400//586 397//586 359//586
f 402//587 403//587 397//587
f 416//588 411//588 412//588
f 443//589 410//589 409//589
f 443//590 411//590 416//590
f 422//591 409//591 410//591
f 490//592 417//592 420//592
f 495//593 416//593 421//593
f 493//594 446//594 417//594
f 447//595 416//595 495//595
f 492//596 423//596 414//596
f 422//597 413//597 494//597
f 339//598 435//598 436//598
f 342//599 349//599 437//599
f 437//600 441//600 367//600
f 412//601 411//601 443//601
f 410//602 443//602 447//602
f 414//603 446//603 493//603
f 494//604 413//604 447//604
f 457//605 458//605 459//605
f 456//606 457//606 461//606
f 463//607 455//607 456//607
f 464//608 454//608 455//608
f 460//390 453//390 454//390
f 459//609 460//609 225//609
f 461//610 459//610 235//610
f 462//611 461//611 233//611
f 229//612 463//612 462//612
f 227//613 464//613 463//613
f 225//614 460//614 464//614
f 469//615 470//615 458//615
f 458//390 470//390 465//390
f 470//616 469//616 468//616
f 466//617 465//617 468//617
f 468//618 469//618 457//618
f 455//619 467//619 468//619
f 454//620 466//620 467//620
f 465//390 466//390 454//390
f 476//621 471//621 478//621
f 475//622 476//622 477//622
f 474//623 475//623 479//623
f 481//624 473//624 474//624
f 482//625 472//625 473//625
f 478//626 471//626 472//626
f 487//627 488//627 476//627
f 476//390 488//390 483//390
f 488//628 487//628 486//628
f 484//629 483//629 486//629
f 486//630 487//630 475//630
f 473//631 485//631 486//631
f 472//632 484//632 485//632
f 471//390 483//390 484//390
f 480//633 291//633 289//633
f 482//634 478//634 285//634
f 481//635 289//635 287//635
f 479//636 477//636 295//636
f 477//637 478//637 285//637
f 480//638 479//638 293//638
f 417//639 495//639 496//639
f 498//640 495//640 417//640
f 497//641 494//641 414//641
f 414//642 494//642 498//642
f 1//643 2//643 3//643
f 3//644 4//644 5//644
f 5//645 6//645 7//645
f 9//646 7//646 10//646
f 2//647 12//647 13//647
f 1//648 11//648 2//648
f 11//649 9//649 12//649
f 189//650 190//650 188//650
f 19//651 13//651 24//651
f 12//652 10//652 18//652
f 10//653 8//653 17//653
f 16//654 8//654 15//654
f 15//655 6//655 14//655
f 14//656 4//656 13//656
f 24//657 18//657 23//657
f 23//658 17//658 22//658
f 16//659 15//659 22//659
f 15//660 14//660 21//660
f 14//661 13//661 20//661
f 44//662 36//662 41//662
f 255//663 36//663 272//663
f 41//664 29//664 40//664
f 50//665 44//665 47//665
f 272//666 44//666 280//666
f 41//667 40//667 47//667
f 51//668 52//668 53//668
f 53//669 54//669 55//669
f 55//670 56//670 57//670
f 59//671 57//671 60//671
f 51//672 61//672 52//672
f 61//673 59//673 62//673
f 51//674 53//674 61//674
f 59//675 61//675 55//675
f 61//676 53//676 55//676
f 69//677 70//677 304//677
f 68//678 67//678 69//678
f 280//679 50//679 304//679
f 47//680 68//680 50//680
f 47//681 46//681 68//681
f 70//682 67//682 78//682
f 316//683 303//683 78//683
f 108//684 109//684 93//684
f 169//685 170//685 95//685
f 119//686 120//686 97//686
f 110//687 111//687 345//687
f 111//688 98//688 113//688
f 121//689 120//689 100//689
f 171//690 170//690 99//690
f 112//691 109//691 347//691
f 113//692 124//692 351//692
f 110//693 345//693 116//693
f 119//694 97//694 122//694
f 118//695 116//695 362//695
f 123//696 122//696 107//696
f 337//697 338//697 108//697
f 110//698 97//698 111//698
f 351//699 346//699 113//699
f 99//700 94//700 112//700
f 101//701 121//701 113//701
f 171//702 174//702 100//702
f 97//703 110//703 104//703
f 107//704 104//704 118//704
f 119//705 95//705 120//705
f 101//706 98//706 121//706
f 124//707 114//707 377//707
f 95//708 119//708 103//708
f 106//709 103//709 123//709
f 100//710 114//710 121//710
f 52//711 62//711 131//711
f 132//712 62//712 133//712
f 133//713 60//713 134//713
f 134//714 58//714 135//714
f 56//715 54//715 135//715
f 54//716 52//716 136//716
f 146//717 147//717 140//717
f 117//718 105//718 144//718
f 144//719 141//719 146//719
f 152//720 156//720 412//720
f 444//721 409//721 176//721
f 179//722 156//722 176//722
f 409//723 422//723 151//723
f 157//724 220//724 420//724
f 156//725 223//725 421//725
f 178//726 221//726 157//726
f 224//727 223//727 179//727
f 423//728 492//728 154//728
f 497//729 222//729 422//729
f 169//730 93//730 170//730
f 100//731 96//731 171//731
f 99//732 112//732 171//732
f 152//733 412//733 176//733
f 153//734 179//734 151//734
f 219//735 221//735 154//735
f 153//736 222//736 179//736
f 191//737 189//737 187//737
f 192//738 191//738 186//738
f 185//739 193//739 186//739
f 184//740 194//740 185//740
f 183//390 190//390 184//390
f 11//741 1//741 189//741
f 9//742 11//742 191//742
f 7//743 9//743 192//743
f 193//744 5//744 192//744
f 194//745 3//745 193//745
f 190//746 1//746 194//746
f 187//747 188//747 199//747
f 200//390 188//390 195//390
f 195//748 198//748 200//748
f 195//749 196//749 198//749
f 186//750 187//750 198//750
f 197//751 185//751 198//751
f 196//752 184//752 197//752
f 183//390 184//390 195//390
f 207//753 208//753 206//753
f 209//754 207//754 205//754
f 210//755 209//755 204//755
f 203//756 211//756 204//756
f 202//757 212//757 203//757
f 201//758 208//758 202//758
f 205//759 206//759 217//759
f 218//390 206//390 213//390
f 213//760 216//760 218//760
f 213//761 214//761 216//761
f 204//762 205//762 216//762
f 215//763 203//763 216//763
f 214//764 202//764 215//764
f 213//390 201//390 214//390
f 57//765 210//765 55//765
f 53//766 51//766 212//766
f 212//767 53//767 211//767
f 59//768 61//768 209//768
f 208//769 207//769 51//769
f 209//770 210//770 59//770
f 223//771 157//771 496//771
f 178//772 157//772 224//772
f 423//773 154//773 497//773
f 222//774 154//774 224//774
f 225//775 227//775 226//775
f 227//776 229//776 228//776
f 229//777 231//777 230//777
f 232//778 231//778 234//778
f 226//779 237//779 236//779
f 236//780 235//780 226//780
f 234//781 233//781 236//781
f 459//782 458//782 460//782
f 242//783 237//783 248//783
f 236//784 242//784 234//784
f 234//785 241//785 232//785
f 230//786 232//786 239//786
f 228//787 230//787 238//787
f 226//788 228//788 237//788
f 241//789 242//789 247//789
f 240//790 241//790 246//790
f 240//791 246//791 239//791
f 239//792 245//792 238//792
f 238//793 244//793 237//793
f 253//794 265//794 271//794
f 255//795 272//795 265//795
f 252//796 253//796 270//796
f 271//797 276//797 279//797
f 272//798 280//798 276//798
f 271//799 279//799 270//799
f 285//800 287//800 286//800
f 287//801 289//801 288//801
f 289//802 291//802 290//802
f 292//803 291//803 294//803
f 296//804 295//804 286//804
f 294//805 293//805 296//805
f 295//806 293//806 289//806
f 293//807 291//807 289//807
f 287//808 295//808 289//808
f 305//809 304//809 306//809
f 302//810 305//810 301//810
f 280//811 304//811 284//811
f 279//812 284//812 302//812
f 279//813 302//813 278//813
f 306//814 317//814 301//814
f 306//815 303//815 317//815
f 363//816 339//816 364//816
f 435//817 341//817 436//817
f 374//818 343//818 375//818
f 365//819 345//819 366//819
f 366//820 368//820 344//820
f 342//821 375//821 349//821
f 340//822 436//822 348//822
f 338//823 364//823 347//823
f 377//824 380//824 351//824
f 365//825 371//825 345//825
f 374//826 378//826 343//826
f 357//827 371//827 362//827
f 356//828 378//828 361//828
f 337//829 363//829 338//829
f 344//830 343//830 366//830
f 366//831 346//831 368//831
f 364//832 340//832 367//832
f 380//833 376//833 368//833
f 437//834 349//834 441//834
f 343//835 356//835 365//835
f 371//836 356//836 373//836
f 342//837 341//837 375//837
f 375//838 344//838 376//838
f 352//839 369//839 377//839
f 341//840 355//840 374//840
f 378//841 355//841 379//841
f 349//842 376//842 369//842
f 286//843 387//843 296//843
f 294//844 296//844 389//844
f 292//845 294//845 390//845
f 290//846 292//846 391//846
f 290//847 391//847 288//847
f 288//848 392//848 286//848
f 402//849 396//849 403//849
f 372//850 400//850 359//850
f 400//851 402//851 397//851
f 421//852 416//852 412//852
f 444//853 443//853 409//853
f 447//854 443//854 416//854
f 413//855 422//855 410//855
f 491//856 490//856 420//856
f 496//857 495//857 421//857
f 490//858 493//858 417//858
f 498//859 447//859 495//859
f 489//860 492//860 414//860
f 497//861 422//861 494//861
f 340//862 339//862 436//862
f 436//863 342//863 437//863
f 348//864 437//864 367//864
f 444//865 412//865 443//865
f 413//866 410//866 447//866
f 489//867 414//867 493//867
f 498//868 494//868 447//868
f 461//869 457//869 459//869
f 462//870 456//870 461//870
f 462//871 463//871 456//871
f 463//872 464//872 455//872
f 464//873 460//873 454//873
f 235//874 459//874 225//874
f 233//875 461//875 235//875
f 231//876 462//876 233//876
f 231//877 229//877 462//877
f 229//878 227//878 463//878
f 227//879 225//879 464//879
f 457//880 469//880 458//880
f 453//390 458//390 465//390
f 465//881 470//881 468//881
f 467//882 466//882 468//882
f 456//883 468//883 457//883
f 456//884 455//884 468//884
f 455//885 454//885 467//885
f 453//390 465//390 454//390
f 477//626 476//626 478//626
f 479//886 475//886 477//886
f 480//887 474//887 479//887
f 480//888 481//888 474//888
f 481//889 482//889 473//889
f 482//890 478//890 472//890
f 475//891 487//891 476//891
f 471//390 476//390 483//390
f 483//892 488//892 486//892
f 485//893 484//893 486//893
f 474//894 486//894 475//894
f 474//895 473//895 486//895
f 473//896 472//896 485//896
f 472//897 471//897 484//897
f 481//898 480//898 289//898
f 287//899 482//899 285//899
f 482//900 481//900 287//900
f 293//901 479//901 295//901
f 295//902 477//902 285//902
f 291//903 480//903 293//903
f 420//904 417//904 496//904
f 446//905 498//905 417//905
f 423//906 497//906 414//906
f 446//907 414//907 498//907
f 132//908 68//908 63//908
f 132//909 133//909 67//909
f 133//910 134//910 66//910
f 134//911 135//911 65//911
f 136//912 64//912 65//912
f 131//913 63//913 64//913
f 46//914 45//914 64//914
f 67//915 66//915 76//915
f 24//916 126//916 125//916
f 24//917 23//917 127//917
f 23//918 22//918 128//918
f 22//919 21//919 129//919
f 21//920 20//920 130//920
f 19//921 125//921 130//921
f 158//922 419//922 491//922
f 177//923 158//923 220//923
f 424//924 155//924 219//924
f 177//925 221//925 219//925
f 297//926 302//926 388//926
f 388//927 302//927 301//927
f 389//928 301//928 300//928
f 390//929 300//929 299//929
f 299//930 298//930 392//930
f 298//931 297//931 387//931
f 278//932 297//932 298//932
f 301//933 315//933 314//933
f 381//934 382//934 248//934
f 248//935 382//935 383//935
f 247//936 383//936 384//936
f 246//937 384//937 385//937
f 245//938 385//938 386//938
f 386//939 381//939 243//939
f 418//940 490//940 491//940
f 445//941 493//941 490//941
f 424//942 492//942 489//942
f 489//943 493//943 445//943
f 131//944 132//944 63//944
f 68//945 132//945 67//945
f 67//946 133//946 66//946
f 66//947 134//947 65//947
f 135//948 136//948 65//948
f 136//949 131//949 64//949
f 63//950 46//950 64//950
f 77//951 67//951 76//951
f 19//952 24//952 125//952
f 126//953 24//953 127//953
f 127//954 23//954 128//954
f 128//955 22//955 129//955
f 129//956 21//956 130//956
f 20//957 19//957 130//957
f 220//958 158//958 491//958
f 221//959 177//959 220//959
f 492//960 424//960 219//960
f 155//961 177//961 219//961
f 389//962 388//962 301//962
f 387//963 297//963 388//963
f 390//964 389//964 300//964
f 391//965 390//965 299//965
f 391//966 299//966 392//966
f 392//967 298//967 387//967
f 277//968 278//968 298//968
f 300//969 301//969 314//969
f 243//970 381//970 248//970
f 247//971 248//971 383//971
f 246//972 247//972 384//972
f 245//973 246//973 385//973
f 244//974 245//974 386//974
f 244//975 386//975 243//975
f 419//976 418//976 491//976
f 418//977 445//977 490//977
f 415//978 424//978 489//978
f 415//979 489//979 445//979
